0.32 1.0 0.01
0.32 1.0 0.010000000000000009
0.32 1.0 0.09999999999999942
0.32 1.0 0.10999999999999988
0.32 1.0 0.11000000000000032
0.32 1.0 0.19999999999999946
0.32 1.0 0.20999999999999996
0.32 1.0 0.21000000000000002
0.32 1.0 0.31
0.32 1.0 0.39999999999999947
0.32 1.0 0.01
0.32 3.0 0.010000000000000009
0.32 1.0 0.09999999999999942
0.32 1.0 0.10999999999999988
0.32 1.0 0.11000000000000032
0.32 1.0 0.19999999999999946
0.32 1.0 0.20999999999999996
0.32 1.0 0.21000000000000002
0.55 3.0 0.01
0.44 1.0 3.1999999999999993
0.32 1.0 0.01
0.32 1.0 0.010000000000000009
0.18 1.0 0.09999999999999942
0.32 1.0 0.10999999999999988
0.32 1.0 0.11000000000000032
0.32 1.0 0.01
0.3 1.0 3.61
0.32 1.0 0.21000000000000002
0.3 1.0 3.61
0.32 1.0 2.1999999999999993
0.44 1.0 0.71
0.25 1.0 0.010000000000000009
0.3 1.0 0.09999999999999942
0.32 1.0 0.10999999999999988
0.32 1.0 0.11000000000000032
0.32 1.0 0.19999999999999946
0.32 1.0 0.01
0.32 1.0 0.21000000000000002
0.32 1.0 0.31
0.32 1.0 0.39999999999999947
0.32 1.0 0.01
0.32 1.0 0.010000000000000009
0.32 2.0 2.3
0.35 1.0 0.10999999999999988
0.32 1.0 0.11000000000000032
0.31 3.0 2.099999999999999
0.32 1.0 0.01
0.32 1.0 0.21000000000000002
0.32 1.0 0.31
0.32 1.0 0.39999999999999947
