0.01 1.0 0.01
0.01 1.0 0.19999999999999973
0.01 1.0 0.20999999999999963
0.01 1.0 0.21000000000000002
0.01 1.0 0.2999999999999997
0.01 1.0 0.30999999999999966
0.01 1.0 0.31
0.01 1.0 0.3999999999999997
0.01 1.0 0.40999999999999964
0.01 1.0 0.4999999999999997
0.01 1.0 0.19999999999999973
0.19 1.0 10.709999999999999
0.01 3.0 0.21000000000000002
0.01 2.0 0.2999999999999997
0.01 1.0 0.30999999999999966
0.01 1.0 0.31
0.01 1.0 0.01
0.01 1.0 0.40999999999999964
0.01 1.0 0.4999999999999997
0.01 3.0 0.01
0.01 1.0 0.19999999999999973
0.01 1.0 0.20999999999999963
0.12 1.0 0.21000000000000002
0.01 1.0 0.2999999999999997
0.01 1.0 0.30999999999999966
0.01 1.0 0.31
0.01 1.0 0.3999999999999997
0.01 1.0 0.01
0.01 1.0 0.4999999999999997
0.01 1.0 0.01
0.01 1.0 0.19999999999999973
0.01 1.0 0.20999999999999963
0.01 1.0 0.21000000000000002
0.01 1.0 0.2999999999999997
0.01 1.0 0.30999999999999966
0.01 1.0 0.21
0.01 1.0 0.3999999999999997
0.01 1.0 0.40999999999999964
0.01 1.0 2.3
0.01 1.0 0.01
0.02 1.0 0.19999999999999973
0.01 1.0 0.20999999999999963
0.01 1.0 0.21000000000000002
0.01 1.0 0.2999999999999997
0.01 1.0 0.30999999999999966
0.01 1.0 0.31
0.01 1.0 0.3999999999999997
0.01 1.0 3.2099999999999995
0.01 1.0 0.4999999999999997
0.01 1.0 0.01
