0.42999999999999994 17.0 0.01
0.3999999999999999 20.0 0.01
0.39999999999999997 20.0 0.01
0.43999999999999995 17.0 0.01
0.6100000000000001 25.0 0.01
0.6399999999999999 23.0 0.01
0.52 19.0 0.01
0.42999999999999994 14.0 1.91
0.54 20.0 0.01
0.6399999999999999 24.0 0.01
0.42999999999999994 20.0 0.01
0.3999999999999999 20.0 0.01
0.37 18.0 0.01
0.43999999999999995 25.0 0.01
0.6100000000000001 23.0 0.01
0.6399999999999999 19.0 0.01
0.41000000000000003 14.0 1.91
0.42999999999999994 20.0 0.01
0.54 24.0 0.31
0.6399999999999999 17.0 0.01
0.42999999999999994 20.0 0.01
0.3999999999999999 20.0 0.01
0.39999999999999997 17.0 3.3099999999999996
0.43999999999999995 25.0 0.01
0.6100000000000001 23.0 0.01
0.6399999999999999 19.0 0.01
0.52 14.0 1.91
0.42999999999999994 20.0 0.01
0.54 24.0 0.01
0.6399999999999999 17.0 0.01
0.42999999999999994 20.0 0.01
0.3999999999999999 20.0 0.01
0.39999999999999997 17.0 0.01
0.43999999999999995 25.0 0.01
0.6100000000000001 23.0 0.01
0.6399999999999999 19.0 0.01
0.52 14.0 1.91
0.42999999999999994 20.0 0.01
0.56 24.0 0.01
0.6399999999999999 17.0 0.01
0.42999999999999994 20.0 0.01
0.3999999999999999 21.0 0.01
0.39999999999999997 17.0 0.01
0.43999999999999995 25.0 0.01
0.6100000000000001 23.0 0.01
0.6399999999999999 19.0 0.01
0.52 14.0 0.01
0.42999999999999994 21.0 0.01
0.54 24.0 0.01
0.6399999999999999 16.0 0.01
