0.20999999999999996 9.0 0.3999999999999999
0.21 9.0 0.3999999999999999
0.21000000000000002 9.0 0.3999999999999999
0.21999999999999995 9.0 0.3999999999999999
0.22 9.0 0.3999999999999999
0.22000000000000003 9.0 0.3999999999999999
0.20999999999999996 9.0 0.01
0.20999999999999996 9.0 0.09999999999999992
0.20999999999999996 9.0 0.2999999999999998
0.21 9.0 0.01
0.21 9.0 0.3999999999999999
0.21000000000000002 9.0 0.3999999999999999
0.21999999999999995 9.0 0.3999999999999999
0.22 9.0 3.5
0.22000000000000003 9.0 2.9099999999999997
0.20999999999999996 9.0 0.3999999999999999
0.20999999999999996 9.0 0.01
0.20999999999999996 9.0 0.09999999999999992
0.13999999999999999 9.0 3.6999999999999997
0.20999999999999996 9.0 0.01
0.21 9.0 0.3999999999999999
0.10000000000000002 9.0 0.3999999999999999
0.21999999999999995 9.0 0.01
0.22 9.0 0.3999999999999999
0.39 9.0 0.3999999999999999
0.20999999999999996 9.0 0.3999999999999999
0.20999999999999996 9.0 0.01
0.20999999999999996 9.0 0.09999999999999992
0.21 9.0 0.2999999999999998
0.20999999999999996 9.0 0.01
0.21 9.0 0.01
0.21000000000000002 9.0 0.3999999999999999
0.01 6.0 4.0
0.22 9.0 0.3999999999999999
0.22000000000000003 9.0 0.3999999999999999
0.20999999999999996 9.0 0.3999999999999999
0.20999999999999996 9.0 0.01
0.20999999999999996 9.0 0.09999999999999992
0.21 9.0 0.2999999999999998
0.33999999999999997 9.0 2.11
0.21 9.0 0.3999999999999999
0.21000000000000002 9.0 0.3999999999999999
0.21999999999999995 9.0 0.3999999999999999
0.22 9.0 0.3999999999999999
0.22000000000000003 9.0 0.3999999999999999
0.20999999999999996 6.0 3.1999999999999997
0.20999999999999996 9.0 0.01
0.20999999999999996 7.0 0.09999999999999992
0.21 9.0 0.2999999999999998
0.20999999999999996 9.0 0.01
