0.78 25.0 0.01
0.87 21.0 0.01
0.79 21.0 0.51
0.78 15.0 0.01
0.59 16.0 0.01
0.73 23.0 0.01
0.79 15.0 0.01
0.87 21.0 0.11
0.59 25.0 0.01
0.73 16.0 0.81
0.75 21.0 0.01
0.87 21.0 0.01
0.79 15.0 0.01
0.78 16.0 0.01
0.59 23.0 0.01
0.73 17.0 0.01
0.79 21.0 0.11
0.87 25.0 0.01
0.59 16.0 0.01
0.63 23.0 0.01
0.78 21.0 0.01
0.8300000000000001 21.0 0.91
0.79 13.0 1.21
0.7400000000000001 13.0 0.01
0.59 23.0 0.01
0.86 15.0 0.01
0.79 21.0 0.11
0.87 25.0 0.01
0.52 19.0 0.81
0.73 25.0 0.01
0.78 21.0 0.01
0.87 21.0 0.51
0.79 15.0 0.01
0.78 16.0 1.01
0.59 23.0 0.01
0.73 15.0 0.01
0.8500000000000001 21.0 0.11
0.72 24.0 0.01
0.59 16.0 0.81
0.73 25.0 0.01
0.8400000000000001 21.0 0.01
0.87 21.0 0.51
0.79 15.0 0.01
0.9 15.0 0.01
0.59 23.0 0.01
0.73 14.0 0.01
0.79 21.0 0.01
0.87 25.0 0.01
0.5399999999999999 16.0 0.81
0.79 25.0 0.01
