0.99 15.0 0.01
0.76 13.0 0.1
0.8700000000000001 13.0 0.1
0.88 17.0 0.01
0.8599999999999999 13.0 0.01
0.86 13.0 0.01
0.7499999999999999 13.0 0.01
0.75 13.0 0.01
0.99 15.0 1.01
0.7899999999999999 13.0 0.1
0.76 15.0 0.1
0.8700000000000001 13.0 0.1
0.7 15.0 0.01
0.8599999999999999 17.0 0.01
1.0 13.0 0.01
0.7499999999999999 13.0 0.01
0.75 13.0 0.01
0.99 13.0 1.01
0.6699999999999999 15.0 0.1
0.99 13.0 0.01
0.76 13.0 0.1
0.8700000000000001 13.0 0.1
0.88 13.0 0.01
0.7099999999999999 17.0 0.01
0.86 13.0 0.01
0.7499999999999999 13.0 0.01
0.75 13.0 0.01
0.97 9.0 0.01
0.7899999999999999 15.0 0.1
0.99 13.0 0.01
0.76 15.0 0.1
0.8700000000000001 13.0 0.1
0.88 13.0 0.01
0.8599999999999999 17.0 0.01
0.86 13.0 0.01
0.7499999999999999 13.0 0.01
0.75 13.0 0.01
0.99 13.0 1.01
0.7899999999999999 15.0 0.1
1.0 15.0 0.01
0.76 15.0 0.1
0.8700000000000001 13.0 0.1
0.88 13.0 0.01
0.8599999999999999 17.0 0.01
0.86 13.0 0.01
0.7499999999999999 13.0 0.01
0.91 13.0 0.81
0.99 13.0 1.01
0.7899999999999999 15.0 0.01
0.99 13.0 0.01
