0.85 17.0 0.01
0.68 22.0 0.8999999999999999
0.68 22.0 0.9000000000000001
0.8 21.0 0.01
0.56 22.0 1.4
0.89 21.0 0.6000000000000001
0.75 22.0 0.9000000000000001
0.68 22.0 2.5
0.8 22.0 0.9000000000000001
0.68 21.0 2.9
0.5999999999999999 23.0 0.8999999999999999
0.68 22.0 0.9000000000000001
0.68 21.0 0.01
0.8 22.0 1.4
0.56 21.0 0.6000000000000001
0.89 22.0 0.9000000000000001
0.72 19.0 2.5
0.68 20.0 0.01
0.8 21.0 2.9
0.68 17.0 0.01
0.85 20.0 0.8999999999999999
0.68 22.0 0.9000000000000001
0.68 19.0 0.01
0.8 22.0 1.4
0.56 21.0 0.6000000000000001
0.89 22.0 0.9000000000000001
0.75 22.0 2.5
0.68 22.0 0.9000000000000001
0.9400000000000001 21.0 2.9
0.68 17.0 0.01
0.85 22.0 0.8999999999999999
0.68 22.0 0.9000000000000001
0.68 21.0 0.01
0.8 22.0 1.4
0.56 21.0 0.6000000000000001
0.89 21.0 0.9000000000000001
0.75 22.0 2.5
0.68 22.0 0.9000000000000001
0.8 21.0 2.9
0.68 18.0 0.01
0.85 23.0 0.8999999999999999
0.68 22.0 0.9000000000000001
0.68 21.0 0.01
0.8 22.0 1.4
0.56 21.0 0.6000000000000001
1.0 22.0 0.9000000000000001
0.75 22.0 2.5
0.68 22.0 0.9000000000000001
0.8 21.0 0.5999999999999996
0.68 15.0 0.01
