0.8200000000000001 25.0 0.01
0.39 25.0 0.01
0.69 25.0 0.01
0.8200000000000001 25.0 0.21000000000000002
0.8500000000000001 25.0 0.21000000000000002
0.5 22.0 0.21000000000000002
0.64 25.0 0.01
0.69 24.0 0.01
0.5 25.0 0.21000000000000002
0.9 25.0 0.01
0.8200000000000001 25.0 0.01
0.49 25.0 0.01
0.69 25.0 0.21000000000000002
0.8200000000000001 25.0 0.21000000000000002
0.8500000000000001 22.0 0.21000000000000002
0.5 25.0 0.01
0.64 24.0 0.01
0.69 25.0 0.21000000000000002
0.5 25.0 0.01
0.9 25.0 0.01
0.9400000000000001 25.0 0.01
0.39 25.0 0.01
0.69 25.0 0.21000000000000002
0.8200000000000001 23.0 0.21000000000000002
0.8500000000000001 22.0 0.21000000000000002
0.5 23.0 0.01
0.64 23.0 3.11
0.69 25.0 0.21000000000000002
0.5 25.0 0.01
0.9 23.0 0.01
0.8200000000000001 25.0 0.01
0.4 25.0 0.01
0.69 25.0 0.21000000000000002
0.8200000000000001 25.0 0.21000000000000002
0.8500000000000001 19.0 0.21000000000000002
0.5 25.0 0.01
0.64 24.0 0.01
0.69 25.0 0.21000000000000002
0.5 25.0 0.01
0.9400000000000001 25.0 0.01
0.8200000000000001 25.0 0.01
0.28 25.0 0.01
0.69 25.0 0.21000000000000002
0.8200000000000001 25.0 0.21000000000000002
0.8500000000000001 22.0 0.21000000000000002
0.61 25.0 0.01
0.64 24.0 0.01
0.69 25.0 0.21000000000000002
0.5 22.0 1.81
0.9 25.0 0.01
