0.65 25.0 0.0
0.65 25.0 0.01
0.37 24.0 0.0
0.37 24.0 0.01
0.61 17.0 0.0
0.61 17.0 0.01
0.49 24.0 0.01
0.61 20.0 0.0
0.61 20.0 0.01
0.89 24.0 0.0
0.73 25.0 0.01
0.65 24.0 0.0
0.37 24.0 0.01
0.28 16.0 0.0
0.61 17.0 2.4099999999999997
0.61 24.0 0.01
0.49 20.0 0.0
0.61 20.0 0.01
0.61 24.0 0.01
0.89 23.0 0.0
0.65 25.0 0.01
0.65 24.0 0.0
0.37 24.0 0.01
0.36 17.0 0.0
0.49 17.0 0.01
0.61 24.0 0.01
0.32999999999999996 21.0 0.0
0.61 20.0 0.01
0.61 24.0 0.0
0.72 25.0 0.01
0.65 23.0 0.01
0.8400000000000001 24.0 0.0
0.3 24.0 0.01
0.37 16.0 0.0
0.61 19.0 0.01
0.61 24.0 0.01
0.49 20.0 0.0
0.61 20.0 0.01
0.61 24.0 3.6
0.89 25.0 0.0
0.65 25.0 0.01
0.65 24.0 0.0
0.37 24.0 0.01
0.37 17.0 0.0
0.61 17.0 0.01
0.61 23.0 0.01
0.49 20.0 0.0
0.61 20.0 0.01
0.61 24.0 0.0
0.89 25.0 0.0
