0.11 2.0 12.100000000000001
0.01 2.0 12.100000000000001
0.01 1.0 0.01
0.01 1.0 0.09999999999999987
0.01 1.0 0.19999999999999973
0.01 1.0 0.21000000000000002
0.01 1.0 0.29999999999999993
0.01 1.0 0.30999999999999983
0.01 1.0 0.39999999999999974
0.01 1.0 0.3999999999999999
0.11 2.0 12.100000000000001
0.01 1.0 0.01
0.03 1.0 0.09999999999999987
0.060000000000000005 1.0 0.19999999999999973
0.01 1.0 0.21000000000000002
0.01 1.0 0.29999999999999993
0.13 1.0 2.3099999999999996
0.01 1.0 0.39999999999999974
0.01 1.0 0.3999999999999999
0.01 2.0 12.100000000000001
0.11 2.0 12.100000000000001
0.01 1.0 0.01
0.01 1.0 0.01
0.01 1.0 0.19999999999999973
0.01 1.0 0.01
0.01 1.0 0.29999999999999993
0.06 1.0 0.30999999999999983
0.01 1.0 3.9
0.01 1.0 0.3999999999999999
0.01 2.0 12.100000000000001
0.01 2.0 12.100000000000001
0.01 1.0 0.01
0.04 1.0 0.09999999999999987
0.01 1.0 0.19999999999999973
0.01 1.0 0.21000000000000002
0.01 1.0 0.29999999999999993
0.01 1.0 0.01
0.01 3.0 0.39999999999999974
0.01 1.0 0.3999999999999999
0.01 2.0 12.100000000000001
0.01 2.0 12.100000000000001
0.01 1.0 0.01
0.01 1.0 0.09999999999999987
0.01 1.0 0.19999999999999973
0.01 1.0 0.21000000000000002
0.01 1.0 0.19999999999999993
0.01 3.0 0.30999999999999983
0.01 1.0 0.01
0.01 1.0 0.3999999999999999
0.01 2.0 12.100000000000001
