0.48 23.0 1.7
0.43 23.0 1.7
0.35 21.0 0.01
0.25 24.0 0.4
0.30999999999999994 25.0 0.01
0.36 21.0 0.01
0.33999999999999997 25.0 0.01
0.36 21.0 1.7
0.5099999999999999 21.0 0.2999999999999998
0.51 21.0 0.2999999999999998
0.38 23.0 1.7
0.35 23.0 1.7
0.25 24.0 0.01
0.30999999999999994 25.0 0.4
0.36 21.0 0.01
0.33999999999999997 25.0 0.01
0.36 21.0 0.01
0.5099999999999999 21.0 1.7
0.51 21.0 0.2999999999999998
0.48 23.0 0.31
0.5700000000000001 23.0 3.8
0.35 21.0 3.0999999999999996
0.25 24.0 0.01
0.30999999999999994 25.0 0.4
0.36 21.0 0.01
0.33999999999999997 25.0 1.01
0.36 21.0 0.01
0.5099999999999999 21.0 2.9
0.51 21.0 0.2999999999999998
0.48 20.0 0.2999999999999998
0.56 23.0 1.7
0.35 21.0 1.7
0.25 24.0 0.01
0.30999999999999994 25.0 0.4
0.36 21.0 0.01
0.33999999999999997 25.0 0.01
0.36 21.0 0.01
0.5099999999999999 21.0 1.7
0.51 23.0 0.2999999999999998
0.48 23.0 0.2999999999999998
0.43 23.0 1.7
0.35 21.0 1.7
0.25 24.0 0.01
0.30999999999999994 25.0 0.4
0.19999999999999998 25.0 0.01
0.33999999999999997 25.0 0.01
0.36 21.0 1.41
0.5099999999999999 21.0 1.7
0.51 21.0 0.2999999999999998
0.48 23.0 0.2999999999999998
