0.68 24.0 0.01
0.6599999999999999 22.0 0.01
0.7499999999999999 21.0 0.6000000000000001
0.75 21.0 0.6000000000000001
0.59 23.0 0.01
0.6599999999999999 24.0 0.01
0.6499999999999999 25.0 0.01
0.7499999999999999 22.0 0.6000000000000001
0.75 22.0 0.6000000000000001
0.5999999999999999 23.0 0.01
0.6599999999999999 22.0 0.01
0.7499999999999999 21.0 0.01
0.75 21.0 0.6000000000000001
0.59 23.0 0.01
0.8499999999999999 24.0 0.01
0.6499999999999999 25.0 0.01
0.7499999999999999 22.0 0.01
0.75 22.0 0.6000000000000001
0.5999999999999999 23.0 0.6000000000000001
0.68 24.0 0.01
0.5399999999999999 19.0 0.01
0.7499999999999999 19.0 0.01
0.75 21.0 1.0
0.59 23.0 0.6000000000000001
0.6599999999999999 24.0 0.01
0.6499999999999999 25.0 3.3099999999999996
0.7499999999999999 22.0 0.01
0.75 22.0 0.6000000000000001
0.5999999999999999 23.0 0.6000000000000001
0.68 24.0 0.01
0.6599999999999999 22.0 0.01
0.7499999999999999 21.0 1.51
0.86 20.0 0.6000000000000001
0.59 23.0 0.6000000000000001
0.6599999999999999 24.0 0.81
0.6499999999999999 22.0 0.01
0.7499999999999999 22.0 0.01
0.75 22.0 0.6000000000000001
0.5999999999999999 23.0 0.6000000000000001
0.68 24.0 0.01
0.6599999999999999 22.0 0.01
0.7499999999999999 21.0 0.01
0.94 21.0 0.6000000000000001
0.59 25.0 0.6000000000000001
0.6199999999999999 24.0 0.01
0.6499999999999999 25.0 0.01
0.7499999999999999 22.0 0.01
0.6799999999999999 22.0 0.6000000000000001
0.5999999999999999 23.0 0.6000000000000001
0.68 24.0 0.01
