0.72 15.0 0.71
0.9099999999999999 15.0 0.71
0.8699999999999999 24.0 0.8
0.8599999999999999 25.0 0.8
0.9199999999999999 15.0 0.71
0.9899999999999999 24.0 0.71
0.8599999999999999 15.0 0.71
0.8699999999999999 19.0 0.7000000000000001
0.8699999999999999 25.0 0.8
0.7999999999999998 17.0 0.7
0.9099999999999999 14.0 5.31
0.8699999999999999 16.0 0.8
0.8599999999999999 24.0 0.8
0.9199999999999999 25.0 0.71
0.9899999999999999 15.0 0.71
0.8599999999999999 25.0 0.71
0.8699999999999999 17.0 0.7000000000000001
0.8699999999999999 19.0 0.8
0.7999999999999998 25.0 0.7
0.72 17.0 0.71
0.9099999999999999 15.0 0.71
0.8699999999999999 15.0 0.20000000000000007
0.8599999999999999 24.0 0.8
0.9199999999999999 22.0 4.3100000000000005
0.9899999999999999 15.0 0.71
0.8599999999999999 24.0 0.8099999999999999
0.8699999999999999 15.0 3.0
0.8699999999999999 18.0 1.9000000000000001
0.7999999999999998 25.0 0.7
0.61 18.0 0.71
0.9099999999999999 15.0 0.71
0.8699999999999999 15.0 0.8
0.8599999999999999 24.0 0.8
0.9199999999999999 25.0 0.71
0.9899999999999999 15.0 0.71
0.8599999999999999 24.0 0.71
0.8699999999999999 13.0 0.20000000000000007
0.8699999999999999 19.0 0.8
0.7999999999999998 25.0 0.7
0.72 17.0 0.71
0.9099999999999999 15.0 0.71
0.8699999999999999 15.0 0.8
0.8599999999999999 24.0 0.8
0.9199999999999999 25.0 0.71
1.0 15.0 0.71
0.8599999999999999 25.0 0.01
0.8699999999999999 15.0 0.7000000000000001
0.8699999999999999 19.0 0.8
0.7999999999999998 25.0 0.7
0.72 17.0 0.71
