0.43 22.0 3.1
0.38 7.0 1.9
0.2 8.0 9.5
0.22 10.0 2.9
0.27 10.0 2.9
0.3 10.0 2.9
0.3 11.0 17.099999999999998
0.38 23.0 15.6
0.55 10.0 2.9
0.21 11.0 15.7
0.38 22.0 1.9
0.2 9.0 7.5
0.22 8.0 2.9
0.27 9.0 2.9
0.3 10.0 2.9
0.3 10.0 15.499999999999998
0.38 11.0 15.6
0.55 20.0 0.01
0.21 10.0 14.799999999999999
0.43 11.0 3.1
0.38 22.0 1.9
0.2 7.0 12.3
0.22 8.0 2.9
0.1 8.0 2.9
0.3 10.0 2.9
0.3 10.0 17.099999999999998
0.38 11.0 15.0
0.74 20.0 2.9
0.21 10.0 13.399999999999999
0.43 11.0 3.1
0.23 22.0 0.01
0.2 7.0 9.5
0.22 8.0 2.9
0.55 7.0 3.9
0.09999999999999998 11.0 2.9
0.3 9.0 17.099999999999998
0.38 12.0 15.6
0.55 23.0 2.9
0.21 10.0 15.7
0.43 11.0 3.1
0.38 22.0 1.9
0.2 7.0 9.5
0.22 8.0 2.9
0.27 9.0 2.3
0.44 10.0 2.9
0.3 10.0 17.099999999999998
0.38 11.0 15.6
0.55 23.0 5.1
0.21 10.0 15.7
0.43 11.0 3.1
