0.49 25.0 0.9
0.52 22.0 0.01
0.81 19.0 0.21000000000000002
0.49 22.0 0.9
0.49 22.0 0.11
0.53 21.0 0.01
0.6900000000000001 21.0 0.21000000000000002
0.95 25.0 0.9
0.52 21.0 0.01
0.52 25.0 0.01
0.48000000000000004 25.0 0.01
0.81 22.0 0.21000000000000002
0.49 19.0 2.2
0.49 22.0 0.11
0.53 22.0 0.01
0.6900000000000001 21.0 0.21000000000000002
0.95 21.0 0.9
0.54 25.0 0.01
0.52 18.0 0.01
0.49 25.0 0.9
0.52 25.0 0.01
0.9500000000000001 23.0 0.21000000000000002
0.49 19.0 0.9
0.38 22.0 0.11
0.53 21.0 0.01
0.6900000000000001 21.0 0.21000000000000002
0.95 23.0 1.1
0.52 25.0 0.01
0.52 21.0 0.01
0.36 25.0 1.7000000000000002
0.52 25.0 0.01
0.81 22.0 0.21000000000000002
0.49 20.0 1.0
0.59 22.0 0.11
0.53 22.0 0.01
0.6900000000000001 21.0 0.21000000000000002
1.0 20.0 0.21000000000000002
0.52 25.0 0.01
0.52 21.0 0.01
0.49 25.0 0.9
0.52 25.0 0.01
0.81 24.0 0.21000000000000002
0.49 19.0 2.1
0.49 22.0 1.61
0.53 22.0 0.01
0.6900000000000001 21.0 0.21000000000000002
0.95 22.0 0.9
0.52 25.0 0.01
0.41000000000000003 23.0 0.01
0.49 25.0 0.9
