0.41 16.0 0.6099999999999997
0.41 16.0 0.61
0.5 19.0 0.31000000000000005
0.33 20.0 0.31
0.33 20.0 0.31000000000000005
0.33 20.0 0.41000000000000003
0.64 20.0 0.31
0.64 20.0 0.31000000000000005
0.5 21.0 0.8000000000000003
0.37 20.0 0.10999999999999965
0.41 16.0 0.6099999999999997
0.5 19.0 0.01
0.21000000000000002 20.0 0.31000000000000005
0.33 20.0 0.31
0.33 20.0 0.31000000000000005
0.64 20.0 0.41000000000000003
0.64 20.0 0.31
0.5 21.0 0.31000000000000005
0.37 20.0 0.8000000000000003
0.41 16.0 0.10999999999999965
0.41 16.0 4.409999999999999
0.5 19.0 0.61
0.33 20.0 0.31000000000000005
0.33 20.0 0.31
0.33 21.0 2.01
0.91 20.0 0.41000000000000003
0.64 20.0 0.31
0.5 21.0 0.31000000000000005
0.37 20.0 0.8000000000000003
0.22999999999999998 17.0 2.1099999999999994
0.41 16.0 0.6099999999999997
0.5 19.0 0.61
0.33 20.0 0.31000000000000005
0.33 20.0 0.31
0.33 20.0 0.31000000000000005
0.66 20.0 0.41000000000000003
0.64 22.0 3.2100000000000004
0.32 21.0 0.31000000000000005
0.37 20.0 4.300000000000001
0.31999999999999995 16.0 0.10999999999999965
0.41 16.0 2.01
0.46 20.0 0.61
0.33 20.0 0.31000000000000005
0.33 17.0 0.31
0.5900000000000001 20.0 0.31000000000000005
0.64 19.0 0.41000000000000003
0.64 20.0 0.31
0.5 21.0 0.31000000000000005
0.37 20.0 0.8000000000000003
0.41 16.0 0.10999999999999965
