0.5899999999999999 13.0 0.01
0.59 13.0 0.01
0.6499999999999999 12.0 0.01
0.7199999999999999 14.0 0.01
0.72 14.0 0.01
0.7399999999999999 13.0 0.01
0.5499999999999999 10.0 0.01
0.6399999999999999 14.0 0.01
0.5999999999999999 14.0 0.01
0.6 14.0 0.01
0.59 10.0 0.01
0.7499999999999999 13.0 0.01
0.7699999999999999 12.0 0.01
0.72 14.0 0.01
0.7399999999999999 14.0 0.01
0.5499999999999999 13.0 0.01
0.6399999999999999 10.0 0.01
0.5999999999999999 14.0 0.01
0.42 14.0 0.01
0.5899999999999999 14.0 0.01
0.7 11.0 0.01
0.71 13.0 0.01
0.7199999999999999 12.0 0.01
0.64 11.0 0.01
0.7399999999999999 14.0 0.01
0.5499999999999999 13.0 0.01
0.6399999999999999 10.0 0.01
0.5999999999999999 15.0 0.01
0.6 14.0 0.01
0.5899999999999999 14.0 0.01
0.59 13.0 0.01
0.6499999999999999 13.0 0.01
0.7199999999999999 12.0 0.01
0.72 14.0 0.01
0.7399999999999999 14.0 0.01
0.5499999999999999 13.0 0.01
0.5099999999999999 10.0 1.51
0.8399999999999999 14.0 0.01
0.6 14.0 0.01
0.5899999999999999 12.0 0.01
0.59 13.0 0.01
0.6499999999999999 13.0 0.01
0.7199999999999999 12.0 0.01
0.72 14.0 0.01
0.7399999999999999 14.0 0.01
0.5499999999999999 13.0 0.01
0.6399999999999999 10.0 0.01
0.5999999999999999 14.0 0.01
0.48 14.0 0.01
0.45999999999999985 14.0 0.01
