0.65 2.0 1.8
0.36000000000000004 11.0 0.7
0.36000000000000004 12.0 0.7
0.36000000000000004 13.0 0.7
0.36000000000000004 14.0 0.7
0.36000000000000004 15.0 0.7
0.36000000000000004 16.0 0.7
0.36000000000000004 17.0 0.7
0.36000000000000004 18.0 0.7
0.36000000000000004 19.0 0.7
0.36000000000000004 20.0 0.7
0.36000000000000004 21.0 0.7
0.36000000000000004 22.0 0.7
0.36000000000000004 23.0 0.7
0.36000000000000004 24.0 0.7
0.36000000000000004 25.0 0.7
0.66 16.0 0.5
0.66 17.0 0.5
0.66 18.0 0.5
0.66 19.0 0.5
0.66 20.0 0.5
0.66 21.0 0.5
0.66 22.0 0.5
0.66 23.0 0.5
0.66 24.0 0.5
0.66 25.0 0.5
0.34 2.0 1.2999999999999998
0.36000000000000004 2.0 1.2999999999999998
0.46 2.0 1.8
0.53 2.0 1.2999999999999998
0.36000000000000004 7.0 0.7
0.36000000000000004 11.0 0.7
0.36000000000000004 12.0 0.7
0.36000000000000004 13.0 0.7
0.36000000000000004 14.0 0.7
0.36000000000000004 15.0 0.7
0.18000000000000005 16.0 0.7
0.52 22.0 3.4000000000000004
0.36000000000000004 18.0 0.7
0.36000000000000004 19.0 0.7
0.36000000000000004 20.0 0.7
0.36000000000000004 21.0 0.7
0.36000000000000004 22.0 0.7
0.6100000000000001 23.0 0.7
0.36000000000000004 24.0 0.7
0.66 25.0 0.5
0.66 16.0 0.5
0.66 17.0 0.5
0.66 18.0 0.5
0.25 19.0 0.5
0.66 20.0 0.5
0.66 21.0 0.5
0.66 22.0 0.5
0.66 23.0 0.5
0.66 24.0 0.5
0.34 25.0 1.2999999999999998
0.36000000000000004 2.0 1.2999999999999998
0.46 2.0 1.8
0.53 2.0 1.2999999999999998
0.42 2.0 1.8
0.36000000000000004 2.0 0.7
0.36000000000000004 11.0 0.7
0.36000000000000004 12.0 0.7
0.36000000000000004 13.0 0.7
0.36000000000000004 14.0 0.7
0.36000000000000004 15.0 0.7
0.36000000000000004 16.0 0.7
0.36000000000000004 17.0 0.7
0.36000000000000004 18.0 0.7
0.36000000000000004 19.0 0.7
