0.99 13.0 3.9 1950.0 2.07 0.7 0.93 0.42 0.19
0.63 19.0 4.0 1800.0 0.78 0.65 0.07 0.28 0.02
0.63 19.0 3.9 1800.0 0.78 0.65 0.93 0.28 0.19
0.58 16.0 4.2 450.0 2.07 0.58 0.7 0.42 0.8
0.81 1.0 0.7 1800.0 4.61 0.81 0.73 0.29 0.12
0.36 8.0 4.6 1500.0 1.54 0.54 0.85 0.62 0.55
0.34 4.0 2.4 1350.0 7.45 0.52 0.79 0.22 0.56
0.45 4.0 0.7 750.0 5.71 0.74 0.73 0.2 0.12
0.81 1.0 6.4 1800.0 4.61 0.81 0.6 0.29 0.65
0.16 12.0 0.6 1950.0 3.22 0.44 0.5 0.32 0.1
0.34 4.0 4.2 1350.0 7.45 0.52 0.7 0.22 0.8
0.45 4.0 2.4 750.0 5.71 0.74 0.79 0.2 0.56
0.65 4.0 0.6 1500.0 3.61 0.76 0.5 0.24 0.1
0.83 6.0 0.6 150.0 0.82 0.73 0.8 0.83 0.61
0.65 4.0 5.5 1500.0 3.61 0.76 0.3 0.24 0.59
0.99 13.0 0.2 1950.0 2.07 0.7 0.28 0.42 0.54
0.72 6.0 4.6 1650.0 8.12 0.31 0.85 0.85 0.55
0.36 8.0 6.1 1500.0 1.54 0.54 0.61 0.62 0.38
0.99 17.0 2.0 900.0 4.37 0.58 0.13 0.81 0.99
0.73 15.0 8.1 1050.0 6.26 0.29 0.29 0.92 0.43
0.95 13.0 2.5 600.0 5.85 0.76 0.32 0.81 0.22
0.51 6.0 3.9 600.0 4.28 0.52 0.08 0.61 0.21
0.29 1.0 7.6 750.0 9.52 0.42 0.98 0.06 0.99
0.84 6.0 5.0 1500.0 4.55 0.7 0.85 0.54 0.3
0.63 12.0 1.7 1050.0 4.74 0.67 0.34 0.96 0.57
0.63 13.0 3.9 1800.0 0.78 0.7 0.93 0.28 0.02
0.63 19.0 4.0 1800.0 0.78 0.65 0.07 0.28 0.19
0.58 19.0 3.9 450.0 2.07 0.65 0.93 0.42 0.8
0.81 16.0 4.2 1800.0 4.61 0.58 0.7 0.29 0.12
0.36 1.0 0.7 1500.0 1.54 0.81 0.73 0.62 0.55
0.34 8.0 4.6 1350.0 7.45 0.54 0.85 0.22 0.56
0.45 4.0 2.4 750.0 5.71 0.52 0.79 0.2 0.12
0.81 4.0 0.7 1800.0 4.61 0.74 0.73 0.29 0.65
0.16 1.0 6.4 1950.0 3.22 0.81 0.6 0.32 0.1
0.34 12.0 0.6 1350.0 7.45 0.44 0.5 0.22 0.8
0.45 4.0 4.2 750.0 5.71 0.52 0.7 0.2 0.56
0.65 4.0 2.4 1500.0 3.61 0.74 0.79 0.24 0.1
0.83 4.0 0.6 150.0 0.82 0.76 0.5 0.83 0.61
0.65 6.0 0.6 1500.0 3.61 0.73 0.8 0.24 0.59
0.99 4.0 5.5 1950.0 2.07 0.76 0.3 0.42 0.54
0.72 13.0 0.2 1650.0 8.12 0.7 0.28 0.85 0.55
0.36 6.0 4.6 1500.0 1.54 0.31 0.85 0.62 0.38
0.99 8.0 6.1 900.0 4.37 0.54 0.61 0.81 0.99
0.73 17.0 2.0 1050.0 6.26 0.58 0.13 0.92 0.43
0.95 15.0 8.1 600.0 5.85 0.29 0.29 0.81 0.22
0.51 13.0 2.5 600.0 4.28 0.76 0.32 0.61 0.21
0.29 6.0 3.9 750.0 9.52 0.52 0.08 0.06 0.99
0.84 1.0 7.6 1500.0 4.55 0.42 0.98 0.54 0.3
0.63 6.0 5.0 1050.0 4.74 0.7 0.85 0.96 0.57
0.99 12.0 1.7 1950.0 2.07 0.67 0.34 0.42 0.19
