0.06 2.0 0.01
0.06 2.0 1.8099999999999996
0.06 2.0 1.9100000000000001
0.06 2.0 2.8
0.06 2.0 2.9000000000000012
0.06 2.0 3.4099999999999997
0.06 2.0 4.900000000000001
0.06 2.0 5.600000000000001
0.06 2.0 5.700000000000001
0.06 2.0 6.700000000000001
0.06 2.0 6.81
0.06 2.0 6.900000000000001
0.06 2.0 7.200000000000001
0.06 2.0 7.400000000000001
0.06 2.0 7.500000000000001
0.06 2.0 8.200000000000001
0.06 2.0 8.600000000000001
0.06 2.0 9.000000000000002
0.06 2.0 9.3
0.06 2.0 10.200000000000001
0.06 2.0 1.8099999999999996
0.06 2.0 1.9100000000000001
0.06 2.0 0.01
0.06 2.0 2.9000000000000012
0.06 2.0 3.4099999999999997
0.01 2.0 4.300000000000002
0.06 2.0 5.600000000000001
0.06 2.0 5.700000000000001
0.06 2.0 6.700000000000001
0.06 5.0 6.81
0.06 2.0 6.900000000000001
0.06 2.0 7.200000000000001
0.06 2.0 7.400000000000001
0.06 2.0 7.500000000000001
0.06 2.0 8.200000000000001
0.06 2.0 8.600000000000001
0.29000000000000004 2.0 9.000000000000002
0.06 2.0 9.3
0.06 2.0 10.200000000000001
0.06 2.0 0.01
0.06 2.0 1.8099999999999996
0.06 2.0 1.9100000000000001
0.06 2.0 2.8
0.06 2.0 2.9000000000000012
0.06 1.0 3.4099999999999997
0.06 2.0 4.900000000000001
0.06 2.0 5.600000000000001
0.06 2.0 5.700000000000001
0.06 2.0 6.700000000000001
0.06 2.0 6.81
0.06 2.0 6.900000000000001
0.06 2.0 7.200000000000001
0.06 2.0 7.400000000000001
0.06 2.0 7.500000000000001
0.06 2.0 8.200000000000001
0.06 2.0 8.600000000000001
0.06 2.0 9.000000000000002
0.06 2.0 9.3
0.06 2.0 10.200000000000001
0.06 2.0 0.01
0.06 2.0 1.8099999999999996
0.06 2.0 1.9100000000000001
0.06 2.0 2.8
0.06 2.0 2.9000000000000012
0.06 2.0 3.4099999999999997
0.06 2.0 4.900000000000001
0.06 2.0 5.600000000000001
0.06 2.0 5.700000000000001
0.06 2.0 6.700000000000001
0.06 2.0 6.81
0.06 2.0 6.900000000000001
0.06 2.0 7.200000000000001
0.06 2.0 7.400000000000001
0.06 2.0 7.500000000000001
0.06 2.0 8.200000000000001
