0.5800000000000001 2.0 2.6 626.0
0.5800000000000001 2.0 2.6 1125.0
0.5800000000000001 2.0 2.6 1250.0
0.85 2.0 2.6 626.0
0.85 2.0 2.6 776.0
0.85 2.0 2.6 851.0
0.85 2.0 2.6 876.0
0.85 2.0 2.6 927.0
0.85 2.0 2.6 952.0
0.85 2.0 2.6 976.0
0.5800000000000001 2.0 2.6 626.0
0.5800000000000001 2.0 2.6 1125.0
0.85 2.0 2.6 1250.0
0.85 2.0 2.6 626.0
0.85 2.0 2.6 776.0
0.85 2.0 2.6 851.0
0.76 2.0 2.6 876.0
0.85 2.0 2.6 927.0
0.85 2.0 2.6 952.0
0.5800000000000001 2.0 2.6 976.0
0.5800000000000001 2.0 2.6 626.0
0.5800000000000001 2.0 2.6 1125.0
0.85 2.0 2.6 1250.0
0.85 2.0 2.6 626.0
0.69 2.0 2.6 776.0
0.85 2.0 2.6 851.0
0.85 2.0 2.6 876.0
0.85 2.0 2.6 927.0
0.85 2.0 2.6 952.0
0.5800000000000001 2.0 2.6 976.0
0.5800000000000001 2.0 2.6 626.0
0.5800000000000001 2.0 2.6 1125.0
0.85 2.0 2.6 1250.0
0.85 2.0 2.6 626.0
0.85 2.0 2.6 776.0
0.85 2.0 2.6 851.0
0.85 2.0 2.6 876.0
0.85 2.0 2.6 777.0
0.85 2.0 2.6 952.0
0.5800000000000001 2.0 2.6 976.0
