0.02 1.0 5.8 750.0 2.2 0.86 0.83 0.66 0.24
0.02 8.0 6.1 450.0 1.12 0.87 0.83 0.95 0.05
0.02 8.0 6.1 450.0 2.2 0.87 0.83 0.95 0.05
0.02 8.0 6.1 750.0 1.12 0.87 0.83 0.95 0.05
0.02 8.0 6.1 750.0 2.2 0.87 0.83 0.95 0.05
0.02 13.0 5.8 750.0 3.42 0.87 0.98 0.19 0.05
0.02 13.0 6.1 450.0 1.12 0.87 0.83 0.95 0.05
0.83 1.0 5.8 750.0 2.2 0.86 0.14 0.66 0.24
0.02 1.0 5.8 450.0 1.12 0.87 0.83 0.95 0.24
0.02 1.0 5.8 750.0 1.12 0.86 0.83 0.66 0.24
0.02 1.0 5.8 750.0 1.12 0.86 0.83 0.95 0.24
0.02 1.0 5.8 750.0 1.12 0.86 0.98 0.66 0.24
0.02 1.0 6.1 750.0 1.12 0.86 0.83 0.95 0.24
0.02 13.0 5.8 750.0 1.12 0.86 0.98 0.66 0.05
0.02 13.0 5.8 750.0 1.59 0.86 0.98 0.66 0.05
0.02 13.0 5.8 750.0 1.59 0.87 0.98 0.66 0.05
0.02 13.0 5.8 1950.0 2.2 0.94 0.83 0.66 0.05
0.34 8.0 5.8 750.0 3.42 0.87 0.98 0.19 0.05
0.34 13.0 0.6 900.0 3.42 0.51 0.98 0.08 0.53
0.34 13.0 1.6 1950.0 1.12 0.51 0.55 0.19 0.53
0.34 13.0 5.8 750.0 3.42 0.87 0.98 0.19 0.05
0.83 1.0 6.1 450.0 2.2 0.87 0.14 0.66 0.05
0.83 13.0 5.8 450.0 2.2 0.87 0.14 0.66 0.05
0.96 2.0 0.6 900.0 4.94 0.46 0.37 0.08 0.32
0.96 2.0 0.6 900.0 4.94 0.46 0.83 0.08 0.32
0.02 8.0 5.8 750.0 1.12 0.86 0.83 0.95 0.05
0.02 8.0 6.1 450.0 2.2 0.87 0.83 0.95 0.05
0.02 8.0 6.1 450.0 1.12 0.87 0.83 0.95 0.05
0.02 8.0 6.1 750.0 2.2 0.87 0.83 0.95 0.05
0.02 13.0 6.1 750.0 3.42 0.87 0.98 0.19 0.05
0.02 13.0 5.8 750.0 1.12 0.87 0.83 0.95 0.05
0.83 1.0 6.1 450.0 2.2 0.87 0.14 0.66 0.24
0.02 1.0 5.8 750.0 1.12 0.86 0.83 0.95 0.24
0.02 1.0 5.8 450.0 1.12 0.87 0.83 0.66 0.24
0.02 1.0 5.8 750.0 1.12 0.86 0.83 0.95 0.24
0.02 1.0 5.8 750.0 1.12 0.86 0.98 0.66 0.24
0.02 1.0 5.8 750.0 1.12 0.86 0.83 0.95 0.24
0.02 13.0 6.1 750.0 1.12 0.86 0.98 0.66 0.05
0.02 13.0 5.8 750.0 1.59 0.86 0.98 0.66 0.05
0.02 13.0 5.8 750.0 1.59 0.86 0.98 0.66 0.05
0.02 13.0 5.8 750.0 2.2 0.87 0.83 0.66 0.05
0.34 8.0 5.8 1950.0 3.42 0.94 0.98 0.19 0.05
0.34 13.0 5.8 750.0 3.42 0.87 0.98 0.08 0.53
0.34 13.0 0.6 900.0 1.12 0.51 0.55 0.19 0.53
0.34 13.0 1.6 1950.0 3.42 0.51 0.98 0.19 0.05
0.83 1.0 5.8 750.0 2.2 0.87 0.14 0.66 0.05
0.83 13.0 6.1 450.0 2.2 0.87 0.14 0.66 0.05
0.96 2.0 5.8 450.0 4.94 0.87 0.37 0.08 0.32
0.96 2.0 0.6 900.0 4.94 0.46 0.83 0.08 0.32
0.02 1.0 0.6 900.0 2.2 0.46 0.83 0.66 0.24
