0.02 2.0 5.9 300.0
0.02 2.0 5.9 450.0
0.02 2.0 6.0 450.0
0.02 5.0 5.9 450.0
0.02 5.0 6.0 450.0
0.06 2.0 6.0 150.0
0.06 5.0 5.8 150.0
0.06 5.0 5.9 150.0
0.06 5.0 6.0 150.0
0.06 7.0 5.8 150.0
0.06 7.0 6.0 150.0
0.06 9.0 5.8 150.0
0.06 9.0 6.0 150.0
0.06 15.0 6.0 150.0
0.96 2.0 7.1 150.0
0.02 2.0 5.9 450.0
0.02 2.0 5.9 450.0
0.02 2.0 6.0 450.0
0.02 5.0 5.9 450.0
0.06 5.0 6.0 150.0
0.06 2.0 6.0 150.0
0.06 5.0 5.8 150.0
0.06 5.0 5.9 150.0
0.06 5.0 6.0 150.0
0.06 7.0 5.8 150.0
0.06 7.0 6.0 150.0
0.06 9.0 5.8 150.0
0.06 9.0 6.0 150.0
0.96 15.0 6.0 150.0
0.02 2.0 7.1 300.0
0.02 2.0 5.9 450.0
0.02 2.0 5.9 450.0
0.02 2.0 6.0 450.0
0.02 5.0 5.9 450.0
0.06 5.0 6.0 150.0
0.06 2.0 6.0 150.0
0.06 5.0 5.8 150.0
0.06 5.0 5.9 150.0
0.06 5.0 6.0 150.0
0.06 7.0 5.8 150.0
