0.02 2.0 3.6
0.02 2.0 3.8000000000000003
0.02 2.0 3.9000000000000004
0.01 2.0 3.6
0.01 2.0 3.6000000000000005
0.01 2.0 3.6999999999999997
0.01 2.0 3.8000000000000003
0.01 2.0 3.8000000000000007
0.01 2.0 3.9000000000000004
0.01 2.0 4.0
0.01 2.0 4.000000000000001
0.019999999999999997 2.0 4.000000000000001
0.03 2.0 3.9000000000000004
0.03 2.0 4.0
0.03 2.0 4.000000000000001
0.01 2.0 3.1999999999999997
0.01 2.0 3.2
0.01 2.0 3.2000000000000006
0.01 2.0 3.200000000000001
0.01 2.0 3.3
0.01 2.0 3.3000000000000003
0.01 2.0 3.3000000000000007
0.01 2.0 3.4
0.01 2.0 3.400000000000001
0.01 2.0 3.5
0.02 2.0 3.8000000000000003
0.02 2.0 3.9000000000000004
0.02 2.0 3.6
0.01 2.0 3.6000000000000005
0.01 2.0 3.6999999999999997
0.01 2.0 3.8000000000000003
0.01 2.0 3.8000000000000007
0.01 2.0 3.9000000000000004
0.01 2.0 4.0
0.01 2.0 4.000000000000001
0.01 2.0 4.000000000000001
0.28 2.0 3.9000000000000004
0.01 2.0 4.0
0.03 2.0 4.000000000000001
0.03 2.0 3.1999999999999997
0.01 1.0 3.2
0.01 2.0 3.2000000000000006
0.01 2.0 3.200000000000001
0.01 5.0 3.3
0.01 2.0 3.3000000000000003
0.29000000000000004 2.0 3.3000000000000007
0.01 2.0 3.4
0.01 2.0 3.400000000000001
0.01 2.0 3.5
0.01 2.0 3.6
0.02 2.0 3.8000000000000003
0.02 2.0 3.9000000000000004
0.02 2.0 3.6
0.01 2.0 3.6000000000000005
0.01 2.0 3.6999999999999997
0.01 2.0 3.8000000000000003
0.01 2.0 3.8000000000000007
0.01 2.0 3.9000000000000004
0.01 2.0 0.7999999999999998
0.01 2.0 4.000000000000001
0.01 2.0 4.000000000000001
0.019999999999999997 2.0 3.9000000000000004
0.03 2.0 4.0
0.03 2.0 4.000000000000001
0.03 2.0 3.1999999999999997
0.01 2.0 3.2
0.01 2.0 3.2000000000000006
0.01 2.0 3.200000000000001
0.01 2.0 0.01
0.01 2.0 3.3000000000000003
0.01 2.0 3.3000000000000007
0.01 2.0 3.4
0.01 2.0 3.400000000000001
0.01 2.0 3.5
0.01 2.0 3.6
0.02 2.0 3.8000000000000003
0.02 2.0 3.9000000000000004
0.02 2.0 3.6
0.01 2.0 3.6000000000000005
0.01 2.0 0.01
0.01 2.0 3.8000000000000003
0.05 2.0 6.700000000000001
0.01 2.0 3.9000000000000004
0.01 2.0 4.0
0.01 2.0 4.000000000000001
0.01 2.0 4.000000000000001
0.019999999999999997 2.0 3.9000000000000004
0.03 2.0 4.0
0.03 2.0 4.000000000000001
0.03 2.0 3.1999999999999997
0.01 1.0 3.2
0.01 2.0 3.2000000000000006
0.01 2.0 3.200000000000001
0.01 2.0 3.3
0.22 2.0 3.3000000000000003
0.01 7.0 3.3000000000000007
0.01 2.0 3.4
0.22 2.0 3.400000000000001
0.01 2.0 3.5
0.01 2.0 3.6
0.02 2.0 3.8000000000000003
0.02 5.0 3.9000000000000004
0.02 2.0 3.6
0.01 2.0 3.6000000000000005
0.01 2.0 3.6999999999999997
0.01 2.0 3.8000000000000003
0.01 2.0 3.8000000000000007
0.01 2.0 3.9000000000000004
0.01 2.0 4.0
0.01 2.0 4.000000000000001
0.01 2.0 4.000000000000001
0.019999999999999997 2.0 3.9000000000000004
0.03 2.0 4.0
0.03 2.0 4.000000000000001
0.03 2.0 3.1999999999999997
0.01 2.0 3.2
0.01 1.0 3.2000000000000006
0.01 2.0 3.200000000000001
0.01 2.0 3.3
0.01 2.0 3.3000000000000003
0.01 2.0 3.3000000000000007
0.01 2.0 3.4
0.01 2.0 4.500000000000001
0.01 2.0 3.5
0.01 2.0 3.6
0.02 2.0 3.8000000000000003
0.02 2.0 3.9000000000000004
0.02 2.0 3.6
0.01 2.0 3.6000000000000005
0.25 2.0 3.6999999999999997
0.01 2.0 3.8000000000000003
0.01 2.0 3.8000000000000007
0.01 2.0 7.4
0.01 2.0 4.0
0.01 2.0 4.000000000000001
0.01 2.0 4.000000000000001
0.019999999999999997 2.0 3.9000000000000004
0.03 2.0 4.0
0.03 1.0 10.300000000000002
0.03 1.0 3.1999999999999997
0.01 2.0 3.2
0.01 2.0 3.2000000000000006
0.22 2.0 3.200000000000001
0.01 2.0 3.3
0.01 2.0 3.3000000000000003
0.06 2.0 3.3000000000000007
0.01 2.0 3.4
0.01 2.0 3.400000000000001
0.01 2.0 3.5
0.01 2.0 3.6
