0.83 12.0 0.01
0.84 13.0 0.2
0.77 12.0 0.01
0.69 12.0 0.01
0.89 14.0 0.01
0.82 14.0 0.01
0.8200000000000001 14.0 0.01
0.83 14.0 0.01
0.93 12.0 0.01
0.9600000000000001 13.0 0.01
0.83 13.0 0.2
0.84 12.0 0.01
0.77 12.0 0.01
0.69 14.0 0.01
0.89 14.0 0.01
0.82 14.0 0.01
0.8200000000000001 14.0 0.01
0.83 12.0 0.01
0.93 14.0 0.01
0.9600000000000001 12.0 0.01
0.83 13.0 0.2
0.84 12.0 0.01
0.77 12.0 0.01
0.69 14.0 0.01
0.89 14.0 1.71
0.82 14.0 0.01
0.8200000000000001 14.0 0.01
0.83 12.0 0.01
0.93 13.0 0.01
0.9600000000000001 12.0 0.01
0.83 13.0 0.2
0.84 12.0 0.01
0.77 12.0 0.01
0.69 14.0 0.01
0.89 14.0 0.01
0.8999999999999999 14.0 0.01
0.6900000000000001 14.0 0.01
0.83 12.0 0.01
0.93 13.0 0.01
0.9600000000000001 12.0 0.01
0.83 13.0 0.2
0.84 12.0 0.01
0.77 12.0 0.01
0.69 13.0 0.01
0.89 14.0 0.01
0.82 16.0 0.01
0.8200000000000001 14.0 0.01
0.83 12.0 0.01
0.93 11.0 0.01
0.8800000000000001 12.0 0.01
