0.38 1.0 0.01
0.38 1.0 0.09999999999999964
0.38 1.0 0.10000000000000053
0.38 1.0 0.19999999999999973
0.38 1.0 0.19999999999999984
0.38 1.0 0.20000000000000057
0.38 1.0 0.29999999999999966
0.38 1.0 0.29999999999999993
0.38 1.0 0.3999999999999997
0.38 1.0 0.3999999999999999
0.06 1.0 0.09999999999999964
0.38 1.0 0.10000000000000053
0.33 1.0 0.19999999999999973
0.36 1.0 0.19999999999999984
0.38 1.0 0.20000000000000057
0.38 1.0 0.29999999999999966
0.28 1.0 0.29999999999999993
0.38 1.0 0.3999999999999997
0.38 1.0 0.3999999999999999
0.38 1.0 0.01
0.38 1.0 0.09999999999999964
0.38 1.0 0.10000000000000053
0.38 1.0 0.19999999999999973
0.43 1.0 0.19999999999999984
0.38 1.0 0.20000000000000057
0.38 3.0 0.01
0.38 1.0 0.29999999999999993
0.38 1.0 0.3999999999999997
0.38 1.0 0.3999999999999999
0.38 2.0 0.01
0.38 1.0 0.09999999999999964
0.38 1.0 0.10000000000000053
0.38 2.0 0.19999999999999973
0.38 1.0 2.4
0.38 1.0 0.20000000000000057
0.38 1.0 0.29999999999999966
0.38 1.0 0.29999999999999993
0.38 1.0 0.3999999999999997
0.34 1.0 0.3999999999999999
0.22 1.0 0.01
0.38 1.0 0.09999999999999964
0.38 1.0 0.10000000000000053
0.38 1.0 0.19999999999999973
0.26 1.0 0.19999999999999984
0.38 1.0 0.8000000000000005
0.38 1.0 0.01
0.38 1.0 0.29999999999999993
0.21 1.0 0.3999999999999997
0.38 1.0 0.3999999999999999
0.38 1.0 0.01
