0.86 15.0 0.01
0.9199999999999999 15.0 0.01
0.9200000000000002 15.0 0.01
0.83 14.0 0.01
0.8300000000000001 14.0 0.01
0.82 15.0 0.01
0.8200000000000001 15.0 0.01
0.83 15.0 0.01
0.8300000000000001 15.0 0.01
0.97 16.0 0.1
1.0 15.0 0.01
0.9200000000000002 15.0 0.01
0.79 15.0 0.01
0.8300000000000001 14.0 0.01
0.82 14.0 2.9099999999999997
0.8200000000000001 15.0 0.91
0.83 16.0 0.01
0.8300000000000001 15.0 0.01
0.97 15.0 0.1
0.86 13.0 0.01
0.9199999999999999 15.0 0.01
0.9200000000000002 15.0 2.9099999999999997
0.83 17.0 0.01
0.8300000000000001 14.0 0.01
1.0 16.0 4.51
0.8200000000000001 15.0 0.01
0.77 15.0 0.01
0.8300000000000001 15.0 0.01
0.97 15.0 0.1
0.86 16.0 0.01
0.9199999999999999 15.0 0.01
0.9200000000000002 15.0 0.01
0.83 15.0 0.01
0.8300000000000001 14.0 0.01
0.82 15.0 0.01
0.8200000000000001 15.0 0.01
0.83 15.0 0.01
0.8300000000000001 15.0 0.01
0.97 15.0 0.1
0.86 16.0 0.01
0.99 13.0 1.61
0.9200000000000002 14.0 0.01
0.83 15.0 2.61
0.8300000000000001 14.0 0.01
0.82 14.0 0.01
0.8200000000000001 15.0 0.01
0.83 15.0 3.61
0.8300000000000001 15.0 0.01
0.97 15.0 0.1
0.86 16.0 0.01
