0.039999999999999994 2.0 0.01
0.039999999999999994 2.0 0.09999999999999987
0.039999999999999994 2.0 0.10000000000000048
0.039999999999999994 2.0 0.11
0.039999999999999994 2.0 0.2000000000000004
0.039999999999999994 2.0 0.4000000000000004
0.039999999999999994 2.0 0.40000000000000047
0.039999999999999994 2.0 0.5000000000000003
0.039999999999999994 2.0 0.7000000000000004
0.039999999999999994 2.0 0.8000000000000005
0.039999999999999994 2.0 0.09999999999999987
0.039999999999999994 2.0 0.10000000000000048
0.039999999999999994 2.0 0.11
0.039999999999999994 2.0 0.2000000000000004
0.12 2.0 0.4000000000000004
0.029999999999999992 1.0 0.40000000000000047
0.039999999999999994 2.0 0.5000000000000003
0.039999999999999994 2.0 0.7000000000000004
0.01 2.0 0.01
0.039999999999999994 2.0 0.01
0.039999999999999994 2.0 0.09999999999999987
0.039999999999999994 2.0 0.10000000000000048
0.2 2.0 0.11
0.039999999999999994 2.0 3.9000000000000004
0.039999999999999994 2.0 0.4000000000000004
0.039999999999999994 2.0 0.40000000000000047
0.039999999999999994 2.0 0.01
0.039999999999999994 2.0 0.7000000000000004
0.039999999999999994 2.0 3.8099999999999996
0.039999999999999994 2.0 0.01
0.07999999999999999 4.0 0.7999999999999998
0.039999999999999994 2.0 0.10000000000000048
0.01 2.0 0.11
0.039999999999999994 2.0 0.2000000000000004
0.01 2.0 0.4000000000000004
0.01 1.0 0.40000000000000047
0.039999999999999994 1.0 0.01
0.039999999999999994 2.0 0.7000000000000004
0.049999999999999996 2.0 0.8000000000000005
0.039999999999999994 1.0 0.01
0.039999999999999994 2.0 0.09999999999999987
0.039999999999999994 2.0 0.10000000000000048
0.01 1.0 2.4099999999999997
0.039999999999999994 2.0 0.2000000000000004
0.039999999999999994 1.0 0.4000000000000004
0.039999999999999994 2.0 0.40000000000000047
0.039999999999999994 1.0 0.5000000000000003
0.039999999999999994 4.0 0.01
0.07999999999999999 2.0 0.8000000000000005
0.039999999999999994 2.0 0.01
