0.82 12.0 0.01
1.0 10.0 0.01
0.94 11.0 0.01
1.0 12.0 2.71
1.0 9.0 2.71
1.0 11.0 0.01
1.0 14.0 1.8099999999999996
0.76 12.0 1.7
0.96 19.0 0.01
0.86 12.0 1.7
0.87 12.0 1.7
0.69 12.0 0.01
1.0 11.0 1.8099999999999996
1.0 19.0 0.01
0.96 13.0 0.01
0.82 10.0 0.01
1.0 11.0 0.01
0.94 9.0 2.71
1.0 9.0 2.71
1.0 11.0 0.01
1.0 14.0 1.8099999999999996
1.0 12.0 1.7
0.76 19.0 0.01
0.96 12.0 1.7
0.86 12.0 1.7
0.87 12.0 0.01
0.69 11.0 0.01
1.0 21.0 0.01
1.0 13.0 0.01
0.96 12.0 0.01
0.82 10.0 0.01
1.0 11.0 0.01
1.0 12.0 2.71
1.0 9.0 2.71
1.0 11.0 0.01
1.0 14.0 1.8099999999999996
1.0 12.0 1.7
0.76 19.0 0.01
1.0 12.0 1.7
0.86 12.0 1.7
1.0 12.0 0.01
0.69 11.0 1.8099999999999996
1.0 19.0 0.01
1.0 13.0 0.01
0.96 12.0 0.01
0.82 10.0 3.21
1.0 11.0 2.8099999999999996
0.94 12.0 2.71
1.0 9.0 2.71
1.0 11.0 0.01
