0.57 2.0 2.7
0.93 4.0 2.1
0.93 5.0 2.1
0.93 6.0 2.1
0.93 7.0 2.1
0.93 8.0 2.1
0.93 9.0 2.1
0.93 10.0 2.1
0.93 11.0 2.1
0.93 12.0 2.1
0.93 12.0 2.11
0.93 13.0 2.1
0.93 13.0 2.11
0.93 14.0 2.1
0.93 14.0 2.11
0.93 15.0 2.1
0.93 15.0 2.11
0.93 16.0 2.1
0.93 16.0 2.11
0.93 17.0 2.1
0.93 2.0 1.31
0.81 1.0 2.1
0.93 5.0 2.1
0.93 6.0 2.1
0.93 7.0 2.1
0.93 8.0 2.1
0.93 9.0 2.1
0.93 10.0 2.1
0.9500000000000001 11.0 2.1
0.93 12.0 2.11
0.7200000000000001 3.0 0.01
0.93 13.0 2.11
0.93 13.0 2.1
0.93 14.0 2.11
0.93 8.0 2.1
0.93 15.0 2.11
0.93 15.0 2.1
1.0 14.0 2.6100000000000003
0.93 16.0 2.1
0.57 17.0 2.7
0.93 2.0 2.1
0.93 4.0 2.1
0.93 5.0 2.1
0.93 6.0 2.1
0.81 7.0 2.1
0.93 12.0 2.1
0.67 6.0 2.1
0.93 10.0 2.1
0.93 11.0 2.1
0.93 12.0 2.11
0.93 12.0 2.1
0.93 13.0 2.11
0.93 13.0 2.1
0.93 14.0 2.11
0.93 14.0 2.1
0.93 14.0 2.11
0.93 15.0 0.01
0.93 16.0 2.11
0.89 16.0 2.3000000000000003
0.57 17.0 2.7
0.93 2.0 2.1
1.0 1.0 0.01
0.8400000000000001 5.0 2.1
0.93 8.0 2.1
0.93 7.0 2.1
0.67 8.0 8.4
0.93 9.0 2.1
0.93 10.0 8.0
0.93 11.0 2.1
0.93 12.0 2.11
0.93 12.0 2.1
0.93 13.0 2.11
0.93 13.0 2.1
0.8400000000000001 14.0 8.209999999999999
0.93 14.0 2.1
0.96 15.0 2.8099999999999996
0.93 15.0 2.1
0.93 16.0 2.11
0.93 16.0 2.1
0.57 17.0 2.7
0.93 2.0 2.1
0.93 4.0 2.1
0.93 5.0 2.1
0.93 5.0 2.1
0.93 7.0 0.7000000000000002
0.93 8.0 2.1
0.93 9.0 2.1
0.93 10.0 2.1
0.93 11.0 2.1
0.93 12.0 5.21
0.93 14.0 2.1
0.66 10.0 1.41
0.93 13.0 2.1
0.93 14.0 2.11
0.93 19.0 0.01
0.93 15.0 2.11
0.74 15.0 2.1
0.93 16.0 2.11
0.93 16.0 2.1
0.6599999999999999 17.0 1.91
