0.01 2.0 0.01
0.01 2.0 0.010000000000000009
0.01 2.0 0.10999999999999999
0.01 2.0 0.11
0.01 2.0 0.19999999999999984
0.01 2.0 0.31
0.01 2.0 0.3999999999999998
0.01 2.0 0.41000000000000003
0.01 2.0 0.51
0.01 2.0 0.61
0.010000000000000009 2.0 0.01
0.01 2.0 0.10999999999999999
0.01 2.0 0.11
0.01 2.0 0.19999999999999984
0.01 5.0 0.31
0.01 2.0 2.8
0.01 2.0 0.41000000000000003
0.01 2.0 0.51
0.13 2.0 0.61
0.01 2.0 0.01
0.01 2.0 0.010000000000000009
0.01 2.0 0.10999999999999999
0.01 2.0 0.11
0.01 4.0 0.19999999999999984
0.01 1.0 0.01
0.01 2.0 0.3999999999999998
0.01 2.0 0.41000000000000003
0.01 3.0 0.51
0.01 2.0 0.61
0.01 3.0 0.01
0.01 1.0 0.010000000000000009
0.01 1.0 0.10999999999999999
0.28 2.0 0.11
0.15000000000000002 1.0 2.6999999999999997
0.18000000000000002 2.0 0.01
0.01 2.0 0.3999999999999998
0.01 2.0 0.01
0.01 2.0 0.51
0.01 2.0 0.61
0.01 2.0 0.01
0.01 2.0 0.010000000000000009
0.01 2.0 0.10999999999999999
0.01 4.0 0.11
0.01 2.0 0.19999999999999984
0.01 2.0 0.31
0.01 2.0 0.3999999999999998
0.01 2.0 0.41000000000000003
0.09 1.0 0.51
0.01 2.0 0.61
0.01 2.0 0.01
