0.01 1.0 0.01
0.01 1.0 0.09999999999999964
0.01 1.0 0.10000000000000098
0.01 1.0 0.10999999999999971
0.01 1.0 0.11
0.01 1.0 0.3100000000000005
0.01 1.0 0.3999999999999999
0.01 1.0 0.4099999999999997
0.01 1.0 0.41
0.01 1.0 0.41000000000000003
0.01 1.0 0.01
0.01 1.0 0.10000000000000098
0.01 1.0 0.10999999999999971
0.01 1.0 0.11
0.01 1.0 0.3100000000000005
0.01 1.0 0.3999999999999999
0.01 1.0 1.7099999999999997
0.01 1.0 0.41
0.01 3.0 0.41000000000000003
0.01 1.0 0.01
0.01 1.0 0.09999999999999964
0.01 1.0 0.10000000000000098
0.01 1.0 0.10999999999999971
0.01 1.0 0.11
0.01 1.0 3.8100000000000005
0.01 1.0 0.3999999999999999
0.01 1.0 0.4099999999999997
0.01 1.0 4.01
0.12 1.0 0.41000000000000003
0.01 1.0 0.01
0.01 1.0 0.09999999999999964
0.01 1.0 0.10000000000000098
0.01 2.0 0.10999999999999971
0.01 1.0 0.11
0.01 1.0 0.3100000000000005
0.01 1.0 0.3999999999999999
0.01 3.0 0.01
0.01 1.0 0.41
0.01 1.0 0.41000000000000003
0.01 1.0 2.21
0.01 1.0 0.09999999999999964
0.01 1.0 0.10000000000000098
0.01 1.0 0.10999999999999971
0.01 1.0 0.01
0.01 1.0 0.3100000000000005
0.01 1.0 0.3999999999999999
0.01 1.0 0.4099999999999997
0.01 1.0 0.41
0.01 1.0 0.41000000000000003
0.01 1.0 0.01
