0.09999999999999999 1.0 0.01
0.09999999999999999 1.0 0.09999999999999959
0.09999999999999999 1.0 0.1999999999999996
0.09999999999999999 1.0 0.2999999999999996
0.09999999999999999 1.0 0.41000000000000003
0.09999999999999999 1.0 0.51
0.09999999999999999 1.0 0.6999999999999995
0.09999999999999999 1.0 0.6999999999999996
0.09999999999999999 1.0 0.6999999999999997
0.09999999999999999 1.0 0.9099999999999997
0.09999999999999999 1.0 0.09999999999999959
0.16999999999999998 1.0 0.1999999999999996
0.09999999999999999 1.0 0.2999999999999996
0.09999999999999999 1.0 0.01
0.09999999999999999 1.0 0.51
0.09999999999999999 1.0 0.6999999999999995
0.09999999999999999 1.0 0.6999999999999996
0.09999999999999999 1.0 0.6999999999999997
0.09999999999999999 1.0 0.9099999999999997
0.09999999999999999 1.0 0.01
0.09999999999999999 1.0 0.09999999999999959
0.09999999999999999 1.0 0.1999999999999996
0.09999999999999999 1.0 0.2999999999999996
0.09999999999999999 1.0 0.41000000000000003
0.09999999999999999 1.0 0.51
0.09999999999999999 3.0 0.6999999999999995
0.09999999999999999 1.0 0.01
0.09999999999999999 1.0 0.6999999999999997
0.09999999999999999 1.0 0.9099999999999997
0.29 1.0 0.01
0.09999999999999999 1.0 0.09999999999999959
0.09999999999999999 1.0 3.1999999999999997
0.09999999999999999 1.0 0.2999999999999996
0.09999999999999999 1.0 0.41000000000000003
0.21999999999999997 1.0 0.51
0.09999999999999999 1.0 0.6999999999999995
0.09999999999999999 1.0 0.6999999999999996
0.09999999999999999 1.0 0.6999999999999997
0.09999999999999999 3.0 0.9099999999999997
0.09999999999999999 1.0 0.01
0.09999999999999999 1.0 0.09999999999999959
0.09999999999999999 1.0 0.1999999999999996
0.09999999999999999 1.0 0.2999999999999996
0.09999999999999999 1.0 0.41000000000000003
0.09999999999999999 1.0 0.51
0.09999999999999999 1.0 0.6999999999999995
0.09999999999999999 1.0 0.6999999999999996
0.09999999999999999 1.0 0.6999999999999997
0.09999999999999999 1.0 0.9099999999999997
0.09999999999999999 1.0 0.01
