0.01 1.0 0.01
0.01 1.0 0.09999999999999998
0.01 1.0 0.10000000000000014
0.01 1.0 0.19999999999999982
0.01 1.0 0.19999999999999998
0.01 1.0 0.20000000000000018
0.01 1.0 0.2999999999999998
0.01 1.0 0.3
0.01 1.0 0.3999999999999999
0.01 1.0 0.40000000000000013
0.01 1.0 0.01
0.01 1.0 0.09999999999999998
0.01 1.0 0.10000000000000014
0.01 1.0 0.19999999999999982
0.01 1.0 0.19999999999999998
0.01 1.0 0.20000000000000018
0.20000000000000004 2.0 0.2999999999999998
0.01 1.0 0.51
0.01 1.0 0.7
0.01 1.0 0.40000000000000013
0.01 1.0 0.01
0.06999999999999999 1.0 0.09999999999999998
0.01 1.0 3.7
0.01 1.0 0.19999999999999982
0.01 1.0 0.19999999999999998
0.01 1.0 3.11
0.01 1.0 0.2999999999999998
0.01 1.0 0.3
0.01 1.0 0.3999999999999999
0.01 1.0 0.40000000000000013
0.01 1.0 0.01
0.01 1.0 0.09999999999999998
0.01 1.0 0.01
0.01 1.0 0.19999999999999982
0.01 1.0 0.19999999999999998
0.01 1.0 1.8000000000000003
0.01 1.0 1.4999999999999998
0.01 1.0 0.3
0.16 1.0 0.3999999999999999
0.01 1.0 0.40000000000000013
0.01 1.0 0.01
0.01 1.0 0.09999999999999998
0.01 1.0 0.10000000000000014
0.01 1.0 0.19999999999999982
0.01 1.0 0.19999999999999998
0.01 1.0 0.20000000000000018
0.01 1.0 0.2999999999999998
0.01 1.0 0.3
0.01 1.0 0.3999999999999999
0.01 1.0 0.40000000000000013
