0.33 1.0 5.5
0.33 2.0 5.5
0.33 3.0 5.5
0.33 4.0 5.5
0.33 5.0 5.5
0.33 6.0 5.5
0.33 7.0 5.5
0.33 8.0 5.5
0.33 9.0 5.5
0.33 10.0 5.5
0.33 11.0 5.5
0.33 12.0 5.5
0.33 13.0 5.5
0.33 14.0 5.5
0.33 15.0 5.5
0.33 16.0 5.5
0.33 17.0 5.5
0.33 18.0 5.5
0.33 19.0 5.5
0.33 20.0 5.5
0.33 2.0 5.5
0.33 1.0 5.5
0.33 4.0 5.5
0.33 5.0 5.5
0.33 6.0 5.5
0.33 3.0 5.5
0.33 8.0 5.5
0.33 9.0 5.5
0.33 10.0 5.5
0.33 11.0 7.6
0.33 12.0 5.6
0.33 13.0 5.5
0.33 14.0 5.5
0.33 15.0 5.5
0.33 16.0 5.5
0.21000000000000002 17.0 5.5
0.33 18.0 5.5
0.33 19.0 5.5
0.33 20.0 8.5
0.33 1.0 5.5
0.33 1.0 5.5
0.33 3.0 5.5
0.33 1.0 5.5
0.33 5.0 5.5
0.33 6.0 5.5
0.33 7.0 5.5
0.33 8.0 5.5
0.33 9.0 5.5
0.33 10.0 5.5
0.11000000000000001 7.0 5.5
0.33 12.0 5.5
0.07 13.0 5.5
0.36 14.0 12.3
0.33 15.0 5.5
0.33 16.0 5.5
0.36 17.0 5.5
0.33 18.0 5.5
0.33 19.0 5.5
0.33 20.0 5.5
0.6000000000000001 2.0 5.5
0.33 2.0 5.5
0.29000000000000004 5.0 5.5
0.07 4.0 5.5
0.33 5.0 0.01
0.33 6.0 5.5
0.33 7.0 5.5
0.33 8.0 11.9
0.31 9.0 5.5
0.33 11.0 8.3
0.35000000000000003 11.0 1.6
0.25 15.0 7.9
0.33 13.0 5.5
0.33 14.0 5.5
0.33 15.0 5.5
0.1 19.0 5.5
0.33 17.0 5.5
0.33 18.0 5.5
0.33 19.0 5.5
0.33 20.0 5.5
0.33 1.0 5.5
0.33 2.0 5.5
0.33 3.0 9.1
0.33 4.0 5.5
0.08000000000000002 5.0 5.5
0.33 6.0 5.5
0.33 8.0 5.5
0.33 8.0 4.6
0.38 9.0 5.5
0.33 10.0 5.5
0.33 10.0 0.7999999999999998
0.33 12.0 5.5
0.33 13.0 5.5
0.33 14.0 5.5
0.33 15.0 5.5
0.33 16.0 5.5
0.33 17.0 5.5
0.33 13.0 5.5
0.33 19.0 5.5
0.33 20.0 0.7000000000000002
0.33 1.0 5.5
