0.44 4.0 0.8999999999999999
0.44 4.0 0.9
0.44 4.0 0.9999999999999999
0.44 4.0 1.0
0.44999999999999996 4.0 1.4
0.45 4.0 1.4
0.45999999999999996 4.0 1.5
0.4600000000000001 4.0 1.5
0.48 4.0 1.4
0.49 4.0 0.3999999999999999
0.49 4.0 0.9999999999999999
0.49 4.0 1.4
0.49 4.0 1.5
0.49 5.0 1.4
0.49 5.0 1.5
0.49 6.0 1.4
0.49 6.0 1.5
0.49 7.0 1.4
0.49 7.0 1.5
0.49 8.0 1.4
0.44 4.0 0.8999999999999999
0.44 4.0 0.9
0.44 4.0 0.9999999999999999
0.73 1.0 1.0
0.45 4.0 0.19999999999999996
0.45999999999999996 4.0 1.4
0.4600000000000001 3.0 2.5
0.48 4.0 1.5
0.49 4.0 1.4
0.49 4.0 0.3999999999999999
0.49 4.0 0.9999999999999999
0.5 4.0 1.4
0.49 2.0 1.5
0.62 5.0 1.4
0.49 6.0 4.0
0.64 3.0 1.4
0.49 7.0 0.01
0.49 7.0 1.4
0.49 9.0 1.5
0.5800000000000001 4.0 1.4
0.54 4.0 0.01
0.44 4.0 0.9
0.44 4.0 0.9999999999999999
0.44999999999999996 4.0 1.0
0.45 4.0 1.4
0.45999999999999996 4.0 1.4
0.4600000000000001 4.0 1.5
0.48 4.0 1.5
0.49 7.0 3.61
0.49 4.0 0.3999999999999999
0.49 4.0 0.9999999999999999
0.24 4.0 1.4
0.49 5.0 1.5
0.49 5.0 7.200000000000001
0.49 6.0 1.5
0.45 6.0 1.4
0.49 7.0 1.5
0.49 7.0 1.4
0.49 8.0 1.5
0.44 4.0 1.4
0.6 5.0 0.8999999999999999
0.42 4.0 0.9
0.18 4.0 0.9999999999999999
0.44999999999999996 4.0 1.0
0.26 4.0 1.4
0.45999999999999996 4.0 1.4
0.4600000000000001 4.0 1.5
0.48 4.0 0.01
0.49 1.0 1.4
0.49 1.0 0.3999999999999999
0.49 4.0 0.9999999999999999
0.49 4.0 1.4
0.39 5.0 1.5
0.49 5.0 1.4
0.49 6.0 1.5
0.49 6.0 1.4
0.49 7.0 1.5
0.49 7.0 1.4
0.49 8.0 0.01
0.44 4.0 1.4
0.2 4.0 0.8999999999999999
0.44 2.0 0.9
0.44 4.0 0.9999999999999999
0.44999999999999996 4.0 2.9
0.45 9.0 1.4
0.42999999999999994 4.0 2.8
0.4600000000000001 4.0 1.5
0.48 4.0 1.5
0.49 4.0 1.4
0.49 4.0 0.3999999999999999
0.49 1.0 0.9999999999999999
0.49 4.0 0.01
0.49 5.0 0.01
0.49 5.0 1.4
0.49 6.0 1.5
0.49 6.0 1.4
0.49 7.0 1.5
0.49 7.0 1.4
0.49 8.0 1.5
0.44 4.0 1.4
