0.039999999999999966 1.0 0.01
0.039999999999999966 1.0 0.09999999999999998
0.039999999999999966 1.0 0.10000000000000098
0.039999999999999966 1.0 0.10999999999999988
0.039999999999999966 1.0 0.11
0.039999999999999966 1.0 0.20999999999999974
0.039999999999999966 1.0 0.31
0.039999999999999966 1.0 0.5
0.039999999999999966 1.0 0.51
0.039999999999999966 1.0 0.6000000000000014
0.039999999999999966 1.0 0.8000000000000007
0.039999999999999966 1.0 1.0099999999999998
0.039999999999999966 1.0 1.1999999999999995
0.039999999999999966 1.0 1.31
0.039999999999999966 1.0 1.4000000000000008
0.039999999999999966 1.0 1.5
0.039999999999999966 1.0 0.10000000000000098
0.039999999999999966 1.0 0.10999999999999988
0.039999999999999966 1.0 0.11
0.039999999999999966 4.0 0.20999999999999974
0.01 1.0 0.01
0.039999999999999966 1.0 0.5
0.27 1.0 0.51
0.039999999999999966 1.0 0.6000000000000014
0.039999999999999966 1.0 0.8000000000000007
0.039999999999999966 2.0 1.0099999999999998
0.039999999999999966 1.0 1.1999999999999995
0.039999999999999966 1.0 1.31
0.039999999999999966 1.0 1.4000000000000008
0.039999999999999966 1.0 0.01
0.039999999999999966 1.0 3.7
0.24999999999999994 6.0 0.10000000000000098
0.039999999999999966 1.0 0.10999999999999988
0.039999999999999966 1.0 0.11
0.26999999999999996 1.0 0.20999999999999974
0.039999999999999966 1.0 4.81
0.039999999999999966 1.0 0.5
0.039999999999999966 1.0 7.41
0.039999999999999966 1.0 0.6000000000000014
0.039999999999999966 1.0 0.8000000000000007
0.039999999999999966 1.0 1.0099999999999998
0.039999999999999966 1.0 1.1999999999999995
0.039999999999999966 1.0 1.31
0.039999999999999966 1.0 1.4000000000000008
0.039999999999999966 1.0 0.01
0.32 1.0 0.09999999999999998
0.25999999999999995 1.0 0.01
0.039999999999999966 1.0 0.10999999999999988
0.039999999999999966 1.0 0.11
0.039999999999999966 1.0 0.20999999999999974
