0.16999999999999998 1.0 0.01
0.16999999999999998 1.0 0.010000000000000009
0.16999999999999998 1.0 0.20000000000000107
0.16999999999999998 1.0 0.21000000000000002
0.16999999999999998 1.0 0.30000000000000093
0.16999999999999998 1.0 0.30000000000000115
0.16999999999999998 1.0 0.31
0.16999999999999998 1.0 0.40000000000000124
0.16999999999999998 1.0 0.5000000000000009
0.16999999999999998 1.0 0.6000000000000009
0.16999999999999998 1.0 0.010000000000000009
0.08999999999999998 1.0 0.4000000000000011
0.29 1.0 0.21000000000000002
0.16999999999999998 1.0 0.30000000000000093
0.16999999999999998 1.0 0.01
0.16999999999999998 1.0 0.31
0.16999999999999998 1.0 0.40000000000000124
0.16999999999999998 1.0 3.000000000000001
0.16999999999999998 1.0 2.800000000000001
0.16999999999999998 1.0 0.01
0.16999999999999998 1.0 0.010000000000000009
0.16999999999999998 1.0 0.20000000000000107
0.16999999999999998 1.0 0.21000000000000002
0.16999999999999998 1.0 0.30000000000000093
0.16999999999999998 1.0 0.30000000000000115
0.16999999999999998 1.0 0.31
0.16999999999999998 1.0 0.40000000000000124
0.16999999999999998 1.0 0.5000000000000009
0.16999999999999998 1.0 0.6000000000000009
0.16999999999999998 1.0 0.01
0.16999999999999998 1.0 0.010000000000000009
0.16999999999999998 1.0 0.20000000000000107
0.16999999999999998 1.0 0.11000000000000001
0.16999999999999998 3.0 0.30000000000000093
0.16999999999999998 1.0 0.01
0.16999999999999998 1.0 0.31
0.16999999999999998 2.0 5.600000000000001
0.11 1.0 0.5000000000000009
0.16999999999999998 1.0 0.6000000000000009
0.16999999999999998 1.0 0.01
0.16999999999999998 1.0 0.010000000000000009
0.16999999999999998 1.0 0.20000000000000107
0.16999999999999998 1.0 0.71
0.16999999999999998 1.0 0.30000000000000093
0.16999999999999998 1.0 0.30000000000000115
0.16999999999999998 1.0 0.31
0.01 1.0 0.40000000000000124
0.16999999999999998 1.0 0.5000000000000009
0.16999999999999998 1.0 0.6000000000000009
0.16999999999999998 1.0 0.01
