0.19 1.0 0.01
0.19 1.0 0.010000000000000286
0.19 1.0 0.10999999999999999
0.19 1.0 0.11000000000000032
0.19 1.0 0.21000000000000002
0.19 1.0 0.21000000000000024
0.19 1.0 0.31
0.19 1.0 0.3100000000000003
0.19 1.0 0.5099999999999998
0.19 1.0 0.51
0.19 1.0 0.010000000000000286
0.19 1.0 3.51
0.19 1.0 0.11000000000000032
0.19 1.0 0.21000000000000002
0.19 1.0 0.21000000000000024
0.19 1.0 0.31
0.19 1.0 0.3100000000000003
0.19 1.0 0.5099999999999998
0.19 1.0 0.51
0.19 1.0 0.01
0.19 2.0 0.010000000000000286
0.19 1.0 1.71
0.31 1.0 0.11000000000000032
0.19 1.0 0.21000000000000002
0.19 1.0 0.21000000000000024
0.19 1.0 0.31
0.21 1.0 0.3100000000000003
0.19 1.0 0.01
0.19 1.0 0.51
0.19 1.0 0.01
0.19 1.0 0.010000000000000286
0.19 1.0 0.10999999999999999
0.25 1.0 0.11000000000000032
0.19 1.0 0.21000000000000002
0.11 1.0 0.01
0.19 1.0 0.31
0.19 1.0 0.3100000000000003
0.19 1.0 0.5099999999999998
0.19 1.0 0.51
0.19 1.0 0.21000000000000002
0.19 1.0 0.010000000000000286
0.19 1.0 0.01
0.19 1.0 0.11000000000000032
0.19 1.0 0.21000000000000002
0.19 1.0 4.01
0.19 1.0 0.31
0.28 1.0 0.3100000000000003
0.19 3.0 0.01
0.19 1.0 0.51
0.19 1.0 0.01
