0.82 19.0 0.91
0.73 22.0 0.91
0.75 22.0 0.91
0.76 20.0 0.91
0.94 24.0 1.11
0.94 25.0 1.11
0.73 21.0 0.91
0.73 23.0 0.91
0.76 25.0 0.91
0.7699999999999999 22.0 0.91
0.7699999999999999 25.0 0.91
0.83 25.0 0.91
0.94 22.0 1.11
0.94 25.0 0.91
0.95 23.0 1.11
0.48 22.0 0.91
0.5700000000000001 22.0 0.01
0.76 20.0 0.91
1.0 17.0 6.510000000000001
0.94 22.0 0.01
0.73 21.0 0.01
0.73 25.0 0.91
0.76 25.0 0.91
0.7699999999999999 22.0 0.91
0.7699999999999999 25.0 0.91
0.83 25.0 0.91
0.94 22.0 0.91
0.94 20.0 1.11
0.95 23.0 0.91
0.82 19.0 1.11
0.73 20.0 0.91
0.75 22.0 0.91
0.76 20.0 0.01
0.94 24.0 0.91
0.94 25.0 1.11
0.73 21.0 1.11
0.73 23.0 0.91
0.51 25.0 0.91
0.7699999999999999 22.0 0.91
0.7699999999999999 25.0 0.91
0.83 25.0 0.91
0.94 22.0 0.91
0.94 20.0 7.91
0.95 23.0 0.91
0.76 18.0 1.11
0.73 22.0 3.71
0.9299999999999999 18.0 0.91
0.76 20.0 0.91
0.94 24.0 0.91
0.94 25.0 1.11
