0.32 1.0 6.6 32.0
0.32 1.0 6.6 57.0
0.32 1.0 6.6 82.0
0.32 1.0 6.6 107.0
0.32 1.0 6.6 132.0
0.32 1.0 6.6 157.0
0.32 1.0 6.6 182.0
0.32 1.0 6.6 232.0
0.32 1.0 6.6 257.0
0.32 1.0 6.6 282.0
0.32 1.0 6.6 307.0
0.32 1.0 6.6 332.0
0.32 1.0 6.6 357.0
0.32 1.0 6.6 382.0
0.32 1.0 6.6 407.0
0.32 1.0 6.6 432.0
0.32 1.0 6.6 457.0
0.32 1.0 6.6 482.0
0.32 1.0 6.6 507.0
0.32 1.0 6.6 532.0
0.32 1.0 6.6 557.0
0.32 1.0 6.6 582.0
0.32 1.0 6.6 632.0
0.32 1.0 6.6 657.0
0.32 1.0 6.6 707.0
0.32 1.0 6.6 757.0
0.32 2.0 6.6 32.0
0.32 2.0 6.6 57.0
0.32 2.0 6.6 82.0
0.32 2.0 6.6 107.0
0.32 2.0 6.6 132.0
0.32 2.0 6.6 157.0
0.32 2.0 6.6 182.0
0.32 2.0 6.6 232.0
0.32 2.0 6.6 282.0
0.32 1.0 6.6 32.0
0.32 1.0 6.6 57.0
0.32 1.0 6.6 82.0
0.32 1.0 13.1 107.0
0.32 1.0 6.6 132.0
0.32 1.0 6.6 157.0
0.32 1.0 6.6 182.0
0.32 1.0 6.6 232.0
0.32 1.0 6.6 257.0
0.32 1.0 6.6 282.0
0.32 1.0 6.6 307.0
0.32 1.0 6.6 332.0
0.32 1.0 6.6 357.0
0.32 1.0 6.6 382.0
0.32 6.0 6.6 407.0
0.32 1.0 6.6 432.0
0.32 1.0 6.6 457.0
0.32 1.0 6.6 482.0
0.32 1.0 6.6 507.0
0.32 1.0 6.6 532.0
0.32 1.0 6.6 682.0
0.32 1.0 6.6 582.0
0.32 1.0 6.6 632.0
0.32 1.0 6.6 657.0
0.32 1.0 6.6 707.0
0.32 1.0 6.6 757.0
0.32 2.0 6.6 32.0
0.32 2.0 7.6 57.0
0.32 2.0 6.6 82.0
0.32 2.0 5.8999999999999995 107.0
0.32 2.0 6.6 132.0
0.32 2.0 6.6 157.0
0.32 2.0 6.6 182.0
0.32 2.0 6.6 232.0
0.32 2.0 6.6 157.0
0.32 1.0 6.6 32.0
0.32 1.0 6.6 57.0
0.26 1.0 6.6 82.0
0.32 1.0 4.699999999999999 107.0
0.32 7.0 6.6 82.0
0.32 1.0 6.6 157.0
0.32 1.0 9.8 182.0
0.32 1.0 6.6 232.0
0.32 1.0 6.6 257.0
0.32 1.0 6.6 282.0
0.32 1.0 6.6 307.0
0.32 1.0 6.6 332.0
0.32 1.0 6.6 357.0
0.32 1.0 8.5 382.0
0.32 1.0 6.6 407.0
0.32 1.0 6.6 432.0
0.32 1.0 6.6 457.0
0.32 1.0 6.6 482.0
0.32 1.0 6.6 507.0
0.32 1.0 6.6 532.0
0.32 1.0 6.6 557.0
0.32 1.0 6.6 582.0
0.32 1.0 6.6 632.0
0.32 1.0 6.6 657.0
0.32 1.0 6.6 707.0
0.32 1.0 6.6 757.0
0.32 2.0 11.5 32.0
0.32 2.0 6.6 57.0
0.32 2.0 6.6 82.0
0.32 2.0 6.6 107.0
