0.04999999999999999 1.0 0.01
0.04999999999999999 1.0 0.1099999999999986
0.04999999999999999 1.0 0.10999999999999988
0.04999999999999999 1.0 0.20000000000000018
0.04999999999999999 1.0 0.2000000000000018
0.04999999999999999 1.0 0.20999999999999908
0.04999999999999999 1.0 0.3099999999999986
0.04999999999999999 1.0 0.4099999999999986
0.04999999999999999 1.0 0.5000000000000018
0.04999999999999999 1.0 0.8000000000000004
0.04999999999999999 1.0 0.8000000000000025
0.04999999999999999 1.0 0.9000000000000004
0.04999999999999999 1.0 1.1099999999999999
0.04999999999999999 1.0 1.2099999999999986
0.04999999999999999 1.0 1.3099999999999987
0.04999999999999999 1.0 3.9099999999999997
0.04999999999999999 1.0 0.1099999999999986
0.04999999999999999 1.0 0.10999999999999988
0.04999999999999999 1.0 0.20000000000000018
0.04999999999999999 1.0 0.2000000000000018
0.04999999999999999 1.0 0.20999999999999908
0.04999999999999999 1.0 0.3099999999999986
0.04999999999999999 1.0 0.4099999999999986
0.04999999999999999 1.0 0.5000000000000018
0.04999999999999999 1.0 0.01
0.04999999999999999 1.0 0.8000000000000025
0.04999999999999999 1.0 0.9000000000000004
0.27 1.0 3.51
0.04999999999999999 1.0 1.2099999999999986
0.04999999999999999 1.0 8.309999999999999
0.33999999999999997 1.0 0.01
0.04999999999999999 1.0 0.1099999999999986
0.04999999999999999 1.0 6.3100000000000005
0.04999999999999999 1.0 0.20000000000000018
0.19 1.0 0.01
0.04999999999999999 1.0 3.9099999999999993
0.04999999999999999 1.0 0.3099999999999986
0.04999999999999999 1.0 0.01
0.04999999999999999 1.0 0.5000000000000018
0.04999999999999999 1.0 0.8000000000000004
0.01 1.0 0.8000000000000025
0.04999999999999999 1.0 0.9000000000000004
0.04999999999999999 4.0 1.1099999999999999
0.04999999999999999 1.0 1.2099999999999986
0.04999999999999999 1.0 1.3099999999999987
0.04999999999999999 1.0 0.01
0.04999999999999999 1.0 4.909999999999998
0.04999999999999999 1.0 0.10999999999999988
0.04999999999999999 1.0 0.20000000000000018
0.04999999999999999 1.0 2.3099999999999996
