0.01 1.0 8.5
0.01 1.0 8.500000000000002
0.01 1.0 8.599999999999998
0.01 1.0 8.6
0.01 1.0 8.600000000000001
0.01 1.0 8.7
0.01 1.0 8.700000000000001
0.01 1.0 8.799999999999999
0.01 1.0 8.8
0.01 1.0 8.899999999999999
0.01 1.0 8.9
0.01 1.0 8.900000000000002
0.01 1.0 8.999999999999998
0.01 1.0 9.0
0.01 1.0 9.000000000000002
0.01 1.0 9.099999999999998
0.01 1.0 9.1
0.01 1.0 9.100000000000001
0.01 1.0 9.2
0.01 1.0 9.200000000000001
0.01 1.0 9.299999999999999
0.01 1.0 9.3
0.01 1.0 9.399999999999999
0.01 1.0 9.4
0.01 1.0 9.499999999999998
0.01 1.0 8.5
0.01 1.0 8.500000000000002
0.01 1.0 10.499999999999998
0.01 1.0 8.6
0.01 1.0 8.600000000000001
0.01 1.0 8.7
0.01 1.0 8.700000000000001
0.01 1.0 8.799999999999999
0.01 1.0 8.8
0.01 1.0 8.899999999999999
0.01 1.0 8.9
0.01 1.0 8.900000000000002
0.01 1.0 8.999999999999998
0.01 1.0 9.0
0.01 1.0 9.000000000000002
0.01 1.0 9.099999999999998
0.01 1.0 9.1
0.01 1.0 9.100000000000001
0.01 1.0 9.2
0.01 1.0 9.200000000000001
0.01 1.0 9.299999999999999
0.01 1.0 4.1000000000000005
0.01 1.0 9.399999999999999
0.01 1.0 9.4
0.01 1.0 9.499999999999998
0.01 1.0 8.5
0.01 1.0 8.500000000000002
0.01 1.0 8.599999999999998
0.01 1.0 8.6
0.01 1.0 8.600000000000001
0.01 2.0 8.7
0.01 1.0 8.700000000000001
0.01 1.0 8.799999999999999
0.01 1.0 8.8
0.01 1.0 8.899999999999999
0.01 1.0 8.9
0.01 1.0 8.900000000000002
0.01 1.0 8.999999999999998
0.01 1.0 9.0
0.01 1.0 9.000000000000002
0.01 1.0 9.099999999999998
0.01 1.0 9.1
0.01 1.0 9.100000000000001
0.01 1.0 9.2
0.01 1.0 9.200000000000001
0.01 1.0 9.299999999999999
0.01 1.0 9.3
0.01 1.0 9.399999999999999
0.01 1.0 9.4
0.01 1.0 9.499999999999998
0.01 1.0 8.5
0.01 1.0 8.500000000000002
0.01 1.0 8.599999999999998
0.01 1.0 8.6
0.01 1.0 8.600000000000001
0.11 1.0 8.7
0.01 1.0 8.700000000000001
0.01 1.0 8.799999999999999
0.01 1.0 8.8
0.01 1.0 8.899999999999999
0.01 1.0 8.9
0.01 1.0 8.900000000000002
0.01 1.0 8.999999999999998
0.01 1.0 7.8
0.01 1.0 9.000000000000002
0.01 1.0 9.099999999999998
0.01 1.0 9.1
0.01 1.0 9.100000000000001
0.01 1.0 9.2
0.01 1.0 9.200000000000001
0.01 1.0 9.299999999999999
0.01 1.0 9.3
0.02 1.0 9.399999999999999
0.01 1.0 9.4
0.01 1.0 9.499999999999998
0.01 1.0 8.5
0.29000000000000004 1.0 1.700000000000002
0.01 1.0 8.599999999999998
0.01 1.0 8.6
0.17 1.0 8.600000000000001
0.01 1.0 11.6
0.01 1.0 8.700000000000001
0.01 1.0 7.999999999999999
0.01 1.0 8.8
0.06999999999999999 1.0 8.899999999999999
0.01 1.0 8.9
0.31 1.0 8.900000000000002
0.01 1.0 8.999999999999998
0.01 1.0 9.0
0.01 1.0 9.000000000000002
0.27 1.0 9.099999999999998
0.01 1.0 15.899999999999999
0.01 1.0 9.100000000000001
0.01 1.0 9.2
0.01 1.0 9.200000000000001
0.01 1.0 9.299999999999999
0.01 1.0 9.3
0.01 1.0 9.399999999999999
0.01 1.0 9.4
0.01 1.0 9.499999999999998
0.01 5.0 8.5
0.01 1.0 8.500000000000002
0.01 1.0 13.599999999999998
0.01 1.0 8.6
0.27 1.0 10.400000000000002
0.01 1.0 8.7
0.01 1.0 8.700000000000001
0.01 1.0 11.599999999999998
0.01 1.0 8.8
0.01 3.0 8.899999999999999
0.01 1.0 8.9
0.01 1.0 8.900000000000002
0.01 1.0 8.999999999999998
0.01 1.0 7.2
0.01 1.0 9.000000000000002
0.01 1.0 9.099999999999998
0.01 1.0 10.6
0.01 1.0 9.100000000000001
0.01 1.0 9.2
0.01 1.0 9.200000000000001
0.01 1.0 9.299999999999999
0.01 1.0 9.3
0.01 1.0 9.399999999999999
0.01 1.0 9.4
0.01 1.0 9.499999999999998
