0.01 1.0 0.01
0.01 1.0 0.010000000000000009
0.01 1.0 0.010000000000000231
0.01 1.0 0.0999999999999992
0.01 1.0 0.1100000000000001
0.01 1.0 0.29999999999999954
0.01 1.0 0.31
0.01 1.0 0.3999999999999992
0.01 1.0 0.49999999999999956
0.01 1.0 0.51
0.16 1.0 0.01
0.01 1.0 0.010000000000000009
0.01 1.0 3.2100000000000004
0.01 1.0 0.0999999999999992
0.01 1.0 0.1100000000000001
0.01 1.0 1.3999999999999997
0.01 1.0 0.31
0.01 1.0 4.199999999999999
0.01 1.0 0.01
0.01 1.0 0.51
0.01 1.0 0.01
0.01 1.0 0.010000000000000009
0.01 1.0 0.010000000000000231
0.01 1.0 0.0999999999999992
0.01 1.0 0.1100000000000001
0.01 1.0 0.29999999999999954
0.01 1.0 0.31
0.01 1.0 0.3999999999999992
0.01 1.0 0.49999999999999956
0.01 1.0 0.51
0.01 1.0 0.01
0.01 1.0 0.010000000000000009
0.01 1.0 0.010000000000000231
0.17 1.0 0.0999999999999992
0.01 1.0 0.1100000000000001
0.01 1.0 0.29999999999999954
0.01 1.0 0.31
0.01 1.0 4.1
0.01 1.0 4.5
0.01 1.0 0.51
0.01 1.0 0.01
0.01 1.0 0.01
0.01 1.0 0.010000000000000231
0.01 1.0 0.0999999999999992
0.01 1.0 0.1100000000000001
0.01 1.0 0.29999999999999954
0.01 1.0 0.31
0.11 1.0 0.3999999999999992
0.01 1.0 0.49999999999999956
0.01 1.0 0.51
