0.6599999999999999 3.0 11.399999999999999
0.97 2.0 14.0
0.7 2.0 14.0
0.7 2.0 15.000000000000002
0.73 2.0 10.1
0.73 2.0 10.3
0.73 2.0 10.5
0.73 2.0 10.6
0.73 2.0 10.700000000000001
0.73 2.0 10.8
0.97 2.0 11.399999999999999
0.7 2.0 14.0
0.5599999999999999 1.0 14.0
0.73 2.0 15.000000000000002
0.73 2.0 13.399999999999999
0.73 2.0 10.3
0.73 2.0 10.5
0.73 2.0 10.6
0.73 2.0 10.700000000000001
0.6599999999999999 3.0 10.8
1.0 1.0 11.399999999999999
0.7 2.0 14.0
0.7 2.0 14.0
0.73 2.0 15.000000000000002
0.73 3.0 11.299999999999999
0.73 1.0 10.3
0.6599999999999999 2.0 10.5
0.83 2.0 10.6
0.73 2.0 10.700000000000001
0.6599999999999999 3.0 10.8
0.97 2.0 11.399999999999999
0.7 2.0 14.0
0.7 2.0 14.0
0.89 2.0 15.000000000000002
0.73 2.0 10.1
0.54 2.0 10.3
0.87 2.0 0.01
0.73 4.0 10.6
0.73 2.0 10.700000000000001
0.6599999999999999 3.0 10.8
0.97 2.0 9.099999999999998
0.7 2.0 14.0
0.7 2.0 14.0
0.73 1.0 12.600000000000001
0.73 2.0 10.1
0.9099999999999999 2.0 10.3
0.73 2.0 10.5
0.73 2.0 10.6
0.73 2.0 10.700000000000001
0.6599999999999999 3.0 10.8
