0.5899999999999999 2.0 0.01
0.5899999999999999 2.0 0.11
0.5899999999999999 2.0 0.21000000000000002
0.5899999999999999 2.0 0.21000000000000008
0.59 2.0 0.01
0.59 2.0 0.21000000000000008
0.5999999999999999 2.0 0.01
0.5999999999999999 2.0 0.21000000000000008
0.5999999999999999 2.0 1.21
0.6 2.0 0.01
0.5899999999999999 2.0 0.11
0.5899999999999999 2.0 0.21000000000000002
0.5599999999999998 2.0 0.21000000000000008
0.5899999999999999 2.0 0.01
0.59 2.0 0.21000000000000008
0.59 2.0 0.01
0.5999999999999999 2.0 0.21000000000000008
0.5999999999999999 2.0 0.61
0.5999999999999999 2.0 0.01
0.6 2.0 0.01
0.5899999999999999 2.0 0.11
0.5899999999999999 2.0 0.21000000000000002
0.5899999999999999 2.0 0.21000000000000008
0.5899999999999999 2.0 0.01
0.59 2.0 0.21000000000000008
0.6699999999999999 2.0 0.01
0.5999999999999999 2.0 0.21000000000000008
0.5999999999999999 2.0 1.21
0.4899999999999999 2.0 2.01
0.6 2.0 0.01
0.5899999999999999 2.0 0.11
0.5899999999999999 2.0 0.01
0.5899999999999999 2.0 2.11
0.5899999999999999 2.0 0.01
0.59 2.0 0.21000000000000008
0.45999999999999996 2.0 0.01
0.5999999999999999 2.0 0.21000000000000008
0.6399999999999999 2.0 1.21
0.5999999999999999 2.0 0.01
0.6 2.0 0.01
0.5899999999999999 2.0 0.11
0.5899999999999999 2.0 0.21000000000000002
0.5899999999999999 2.0 0.21000000000000008
0.5899999999999999 1.0 0.01
0.59 2.0 0.21000000000000008
0.5499999999999999 2.0 0.01
0.5999999999999999 2.0 0.21000000000000008
0.5999999999999999 2.0 1.21
0.4199999999999999 2.0 0.61
0.78 2.0 0.01
