0.08 3.0 2.5 750.0
0.08 3.0 2.5 1350.0
0.08 3.0 2.5 1500.0
0.08 4.0 2.5 750.0
0.08 4.0 2.5 1350.0
0.08 4.0 2.5 1500.0
0.08 5.0 2.5 750.0
0.08 5.0 2.5 1350.0
0.08 5.0 2.5 1500.0
0.08 6.0 2.5 750.0
0.08 6.0 2.5 1350.0
0.08 6.0 2.5 1500.0
0.08 7.0 2.5 750.0
0.08 7.0 2.5 1350.0
0.08 7.0 2.5 1500.0
0.08 8.0 2.5 750.0
0.08 8.0 2.5 1350.0
0.08 8.0 2.5 1500.0
0.08 9.0 2.5 750.0
0.08 9.0 2.5 1350.0
0.08 3.0 2.5 1350.0
0.08 3.0 2.5 1500.0
0.08 4.0 0.0 750.0
0.08 4.0 2.5 1350.0
0.08 4.0 2.5 1500.0
0.08 5.0 2.5 750.0
0.08 5.0 0.0 1350.0
0.08 5.0 2.5 1500.0
0.13 6.0 2.5 750.0
0.020000000000000018 6.0 2.5 1350.0
0.08 6.0 2.5 1500.0
0.01 7.0 1.5 750.0
0.08 7.0 2.5 1350.0
0.08 7.0 2.5 1500.0
0.08 8.0 2.5 750.0
0.08 11.0 2.5 1350.0
0.08 8.0 2.5 1500.0
0.08 9.0 2.5 750.0
0.08 12.0 2.5 1350.0
0.08 3.0 2.5 750.0
0.08 3.0 2.5 1350.0
0.08 3.0 2.5 1500.0
0.27 4.0 2.5 750.0
0.08 4.0 2.5 1350.0
0.08 4.0 2.5 1500.0
0.08 5.0 2.5 750.0
0.08 5.0 2.5 1350.0
0.08 5.0 2.5 1500.0
0.08 6.0 2.5 750.0
0.08 6.0 2.5 1350.0
