0.72 1.0 4.3999999999999995
0.72 2.0 4.3999999999999995
0.72 3.0 4.3999999999999995
0.72 4.0 4.3999999999999995
0.72 5.0 4.3999999999999995
0.72 6.0 4.3999999999999995
0.72 7.0 4.3999999999999995
0.72 8.0 4.3999999999999995
0.72 9.0 4.3999999999999995
0.72 11.0 4.3999999999999995
0.72 12.0 4.3999999999999995
0.72 13.0 4.3999999999999995
0.72 14.0 4.3999999999999995
0.72 15.0 4.3999999999999995
0.72 16.0 4.3999999999999995
0.72 18.0 4.3999999999999995
0.72 20.0 4.3999999999999995
0.72 22.0 4.3999999999999995
0.72 23.0 4.3999999999999995
0.7200000000000001 1.0 4.3999999999999995
0.7200000000000001 2.0 4.3999999999999995
0.7200000000000001 3.0 4.3999999999999995
0.7200000000000001 4.0 4.3999999999999995
0.7200000000000001 5.0 4.3999999999999995
0.7200000000000001 6.0 4.3999999999999995
0.7200000000000001 7.0 4.3999999999999995
0.7200000000000001 8.0 4.3999999999999995
0.7200000000000001 9.0 4.3999999999999995
0.7200000000000001 10.0 4.3999999999999995
0.7200000000000001 11.0 4.3999999999999995
0.72 2.0 4.3999999999999995
0.72 3.0 4.3999999999999995
0.72 4.0 4.3999999999999995
0.97 5.0 4.3999999999999995
0.49 6.0 4.3999999999999995
0.72 7.0 4.3999999999999995
0.72 8.0 4.3999999999999995
0.72 4.0 4.3999999999999995
0.72 11.0 4.3999999999999995
0.76 12.0 4.3999999999999995
0.72 13.0 4.3999999999999995
0.72 14.0 4.3999999999999995
0.86 17.0 4.3999999999999995
0.72 16.0 4.3999999999999995
0.72 13.0 4.3999999999999995
0.72 20.0 4.3999999999999995
0.72 22.0 4.3999999999999995
0.72 23.0 4.3999999999999995
0.72 1.0 4.3999999999999995
0.7200000000000001 2.0 4.3999999999999995
0.7200000000000001 3.0 4.3999999999999995
0.7200000000000001 4.0 4.3999999999999995
0.7200000000000001 5.0 4.3999999999999995
0.7200000000000001 6.0 4.3999999999999995
0.7200000000000001 7.0 4.3999999999999995
0.7200000000000001 8.0 4.3999999999999995
0.9000000000000001 9.0 4.3999999999999995
0.7200000000000001 10.0 4.3999999999999995
0.7200000000000001 11.0 4.3999999999999995
0.5000000000000001 1.0 4.3999999999999995
0.72 2.0 4.3999999999999995
0.72 3.0 4.3999999999999995
0.72 4.0 4.3999999999999995
0.72 8.0 5.699999999999999
0.72 6.0 4.3999999999999995
0.72 7.0 4.3999999999999995
0.72 8.0 0.01
0.72 9.0 4.3999999999999995
0.72 11.0 4.3999999999999995
0.72 12.0 4.3999999999999995
