0.57 3.0 2.0
0.57 3.0 2.2
0.57 4.0 2.0
0.57 4.0 2.2
0.57 5.0 2.0
0.57 5.0 2.2
0.57 6.0 2.0
0.57 6.0 2.2
0.57 7.0 2.0
0.57 7.0 2.2
0.57 8.0 2.0
0.57 8.0 2.2
0.57 9.0 2.0
0.57 9.0 2.2
0.57 10.0 2.0
0.57 10.0 2.2
0.57 11.0 2.0
0.57 11.0 2.2
0.57 12.0 2.0
0.57 12.0 2.2
0.57 3.0 2.2
0.57 4.0 2.0
0.57 4.0 2.2
0.57 5.0 2.0
0.57 5.0 2.2
0.57 6.0 2.0
0.57 6.0 0.9000000000000001
0.57 2.0 2.0
0.57 7.0 2.2
0.57 8.0 2.0
0.57 8.0 2.2
0.57 9.0 2.0
0.57 9.0 2.2
0.57 10.0 2.0
0.57 10.0 2.2
0.57 11.0 2.0
0.57 11.0 2.2
0.57 12.0 2.0
0.57 12.0 2.2
0.57 3.0 2.0
0.57 3.0 2.2
0.57 4.0 2.0
0.57 4.0 2.2
0.57 5.0 2.0
0.82 5.0 2.2
0.57 6.0 2.0
0.5299999999999999 6.0 2.2
0.57 11.0 2.0
0.57 7.0 2.2
0.57 8.0 2.0
0.57 8.0 2.2
0.57 9.0 2.0
0.57 9.0 2.2
0.57 10.0 2.0
0.57 10.0 3.3000000000000003
0.57 11.0 0.01
0.57 11.0 2.2
0.57 12.0 2.0
0.57 12.0 2.2
0.57 3.0 2.0
0.57 3.0 2.2
0.57 4.0 2.0
0.57 4.0 2.2
0.57 5.0 2.0
0.57 5.0 2.2
0.57 6.0 2.0
0.57 6.0 2.2
0.57 7.0 2.0
0.57 7.0 2.2
0.57 8.0 2.0
0.57 8.0 2.2
0.57 9.0 2.0
0.57 9.0 2.2
0.57 10.0 2.0
0.57 4.0 2.2
0.83 11.0 2.0
0.57 11.0 2.2
0.57 12.0 2.0
0.57 12.0 2.2
0.75 3.0 0.01
0.57 3.0 2.2
0.57 4.0 2.0
0.57 4.0 2.2
0.57 5.0 2.0
0.57 5.0 2.2
0.57 6.0 2.0
0.57 6.0 2.2
0.7699999999999999 7.0 0.01
0.57 7.0 2.2
0.57 8.0 2.0
0.57 13.0 2.2
0.57 9.0 2.0
0.57 9.0 2.2
0.57 10.0 2.0
0.57 10.0 2.2
0.57 19.0 2.0
0.57 8.0 2.2
0.69 12.0 2.0
0.57 12.0 2.2
0.57 3.0 2.0
