0.56 2.0 2.6 722.0
0.56 2.0 2.6 772.0
0.56 2.0 2.6 822.0
0.56 2.0 2.6 1099.0
0.6699999999999999 2.0 2.6 1099.0
0.73 3.0 2.6 1099.0
0.54 3.0 2.6 722.0
0.54 3.0 2.6 772.0
0.54 3.0 2.6 797.0
0.54 3.0 2.6 822.0
0.56 2.0 2.6 772.0
0.56 2.0 2.6 822.0
0.56 2.0 2.6 1099.0
0.56 2.0 2.6 1099.0
0.6699999999999999 2.0 2.6 1099.0
0.73 3.0 2.6 722.0
0.54 3.0 2.6 772.0
0.54 3.0 2.6 797.0
0.54 3.0 2.6 822.0
0.54 3.0 2.6 722.0
0.56 2.0 2.6 772.0
0.56 2.0 2.6 822.0
0.56 2.0 2.6 1099.0
0.56 2.0 2.6 1099.0
0.6699999999999999 2.0 2.6 1099.0
0.73 3.0 2.6 722.0
0.54 3.0 2.6 772.0
0.54 3.0 2.6 797.0
0.54 3.0 5.9 822.0
0.54 3.0 2.6 722.0
0.56 2.0 2.6 772.0
0.56 2.0 2.6 822.0
0.56 2.0 2.6 1099.0
0.56 2.0 2.6 1099.0
0.6699999999999999 2.0 2.6 1099.0
0.73 3.0 2.6 722.0
0.54 3.0 2.6 772.0
0.54 3.0 2.6 797.0
0.54 3.0 2.6 822.0
0.54 3.0 2.6 722.0
