0.09 2.0 0.01
0.09 2.0 0.09999999999999964
0.09 2.0 0.5099999999999998
0.09 2.0 0.61
0.09 2.0 0.7999999999999998
0.09 2.0 0.8000000000000007
0.09 2.0 1.4000000000000008
0.09 2.0 2.0
0.09 2.0 2.3000000000000007
0.09 2.0 2.71
0.09 2.0 2.8000000000000007
0.09 2.0 3.01
0.09 2.0 3.1000000000000005
0.09 2.0 3.11
0.09 2.0 3.5
0.09 2.0 3.9999999999999996
0.09 2.0 4.200000000000001
0.09 2.0 4.3
0.09 2.0 4.6000000000000005
0.09 2.0 4.81
0.09 2.0 0.09999999999999964
0.09 2.0 0.5099999999999998
0.01 2.0 0.61
0.09 2.0 0.7999999999999998
0.09 2.0 0.8000000000000007
0.09 2.0 1.4000000000000008
0.09 2.0 2.0
0.09 2.0 5.9
0.09 2.0 2.71
0.09 2.0 2.8000000000000007
0.09 2.0 3.01
0.19 7.0 3.1000000000000005
0.08 2.0 3.11
0.52 2.0 0.01
0.09 2.0 10.799999999999999
0.09 2.0 4.200000000000001
0.09 2.0 4.3
0.09 2.0 4.6000000000000005
0.09 2.0 4.81
0.09 2.0 0.01
0.09 2.0 0.09999999999999964
0.09 2.0 0.5099999999999998
0.09 2.0 0.61
0.09 2.0 0.7999999999999998
0.09 2.0 0.8000000000000007
0.09 2.0 1.4000000000000008
0.09 2.0 2.0
0.09 2.0 2.3000000000000007
0.09 2.0 2.71
0.09 2.0 2.8000000000000007
0.09 2.0 3.01
0.09 2.0 3.1000000000000005
0.09 2.0 3.11
0.09 2.0 3.5
0.09 2.0 3.9999999999999996
0.09 2.0 4.200000000000001
0.09 2.0 4.3
0.09 2.0 4.6000000000000005
0.09 9.0 4.81
0.09 2.0 0.01
0.09 2.0 0.09999999999999964
0.09 2.0 0.5099999999999998
0.01 2.0 0.61
0.09 1.0 7.7
0.09 2.0 0.8000000000000007
0.09 1.0 0.01
0.09 2.0 2.0
0.09 2.0 2.3000000000000007
0.09 2.0 2.71
0.09 2.0 2.8000000000000007
0.09 2.0 3.01
0.09 2.0 3.1000000000000005
0.09 2.0 3.11
0.09 2.0 3.5
0.09 6.0 3.9999999999999996
