0.01 1.0 0.01
0.01 1.0 0.20000000000000018
0.01 1.0 0.2000000000000005
0.01 1.0 0.31
0.01 1.0 0.5000000000000002
0.01 1.0 0.51
0.01 1.0 0.6000000000000002
0.01 1.0 0.6000000000000005
0.01 1.0 0.61
0.01 1.0 0.7000000000000002
0.01 1.0 0.20000000000000018
0.01 1.0 0.2000000000000005
0.01 1.0 0.31
0.01 1.0 0.01
0.01 1.0 0.51
0.01 1.0 0.6000000000000002
0.01 1.0 0.01
0.01 1.0 0.61
0.01 1.0 0.7000000000000002
0.01 1.0 0.01
0.01 1.0 0.20000000000000018
0.01 1.0 0.01
0.12 1.0 0.31
0.01 1.0 0.5000000000000002
0.01 1.0 0.51
0.09999999999999999 1.0 0.6000000000000002
0.01 1.0 0.6000000000000005
0.01 1.0 0.61
0.01 1.0 0.7000000000000002
0.01 1.0 0.01
0.01 1.0 0.20000000000000018
0.35 9.0 0.01
0.01 1.0 0.31
0.01 3.0 0.5000000000000002
0.01 3.0 3.21
0.01 1.0 0.6000000000000002
0.01 1.0 0.6000000000000005
0.01 1.0 0.61
0.01 1.0 0.7000000000000002
0.01 1.0 0.01
0.08 1.0 0.20000000000000018
0.01 1.0 0.2000000000000005
0.19000000000000003 2.0 0.01
0.01 1.0 0.5000000000000002
0.01 1.0 0.51
0.01 1.0 0.40000000000000036
0.01 1.0 0.6000000000000005
0.01 1.0 0.61
0.01 1.0 0.7000000000000002
0.01 1.0 0.01
