0.01 1.0 0.01
0.01 1.0 0.10000000000000009
0.01 1.0 0.10999999999999999
0.01 1.0 0.11
0.01 1.0 0.20000000000000007
0.01 1.0 0.3000000000000004
0.01 1.0 0.31000000000000005
0.01 1.0 0.4000000000000001
0.01 1.0 0.49999999999999956
0.01 1.0 0.5000000000000001
0.01 1.0 0.10000000000000009
0.03 1.0 1.1099999999999999
0.01 1.0 4.609999999999999
0.01 1.0 0.20000000000000007
0.26 1.0 0.3000000000000004
0.01 1.0 1.31
0.01 1.0 0.4000000000000001
0.01 1.0 0.49999999999999956
0.01 1.0 0.5000000000000001
0.01 1.0 0.01
0.01 1.0 0.10000000000000009
0.01 1.0 0.10999999999999999
0.01 1.0 0.11
0.01 1.0 0.20000000000000007
0.01 1.0 0.3000000000000004
0.19 1.0 0.31000000000000005
0.01 1.0 0.4000000000000001
0.01 1.0 0.49999999999999956
0.01 1.0 0.5000000000000001
0.01 1.0 0.01
0.01 1.0 0.10000000000000009
0.01 1.0 0.10999999999999999
0.01 1.0 0.11
0.01 1.0 0.20000000000000007
0.01 1.0 0.3000000000000004
0.01 1.0 0.31000000000000005
0.01 1.0 0.4000000000000001
0.01 1.0 0.49999999999999956
0.01 1.0 0.5000000000000001
0.01 1.0 3.21
0.01 1.0 0.10000000000000009
0.01 1.0 0.01
0.01 1.0 0.11
0.01 1.0 0.20000000000000007
0.01 2.0 0.3000000000000004
0.01 1.0 0.31000000000000005
0.01 1.0 0.4000000000000001
0.01 2.0 0.01
0.01 1.0 0.3000000000000001
0.01 2.0 0.01
