0.01 1.0 0.01
0.01 1.0 0.010000000000000009
0.01 1.0 0.10999999999999999
0.01 1.0 0.20999999999999996
0.01 1.0 0.21
0.01 1.0 0.2999999999999998
0.01 1.0 0.30999999999999994
0.01 1.0 0.31
0.01 1.0 0.41000000000000003
0.01 1.0 0.4999999999999999
0.01 1.0 0.01
0.01 1.0 0.21000000000000002
0.01 1.0 0.10999999999999999
0.01 1.0 0.20999999999999996
0.01 1.0 0.21
0.01 1.0 0.2999999999999998
0.01 1.0 0.30999999999999994
0.01 1.0 0.31
0.01 1.0 0.41000000000000003
0.01 1.0 0.4999999999999999
0.01 1.0 0.01
0.01 1.0 0.010000000000000009
0.01 1.0 0.10999999999999999
0.01 2.0 0.20999999999999996
0.01 1.0 0.21
0.01 1.0 0.01
0.04 1.0 0.01
0.09 1.0 0.010000000000000009
0.01 1.0 0.41000000000000003
0.01 1.0 0.4999999999999999
0.01 1.0 0.01
0.01 1.0 0.010000000000000009
0.01 1.0 0.10999999999999999
0.16999999999999998 1.0 0.20999999999999996
0.01 2.0 3.41
0.01 1.0 4.0
0.01 1.0 0.30999999999999994
0.01 1.0 0.31
0.01 1.0 0.41000000000000003
0.01 1.0 0.4999999999999999
0.01 1.0 0.01
0.01 1.0 0.010000000000000009
0.01 1.0 0.10999999999999999
0.01 1.0 0.20999999999999996
0.01 1.0 0.21
0.01 1.0 0.2999999999999998
0.01 1.0 0.30999999999999994
0.01 1.0 0.31
0.01 1.0 0.41000000000000003
0.01 1.0 0.4999999999999999
