0.12 8.0 16.6
0.10999999999999999 5.0 19.8
0.11 5.0 19.8
0.15 8.0 17.8
0.11 5.0 19.400000000000002
0.12 5.0 20.0
0.10999999999999999 6.0 16.6
0.11 6.0 16.6
0.13 6.0 17.8
0.15 10.0 16.6
0.10999999999999999 5.0 16.6
0.11 2.0 19.6
0.16 8.0 19.8
0.11 7.0 17.8
0.01999999999999999 5.0 19.400000000000002
0.10999999999999999 6.0 20.0
0.11 6.0 16.6
0.13 6.0 16.6
0.15 10.0 17.8
0.12 8.0 16.6
0.10999999999999999 5.0 16.6
0.11 3.0 19.8
0.15 10.0 16.2
0.11 5.0 17.8
0.13999999999999999 5.0 19.400000000000002
0.10999999999999999 6.0 20.0
0.11 6.0 16.6
0.13 4.0 16.6
0.15 10.0 17.8
0.01 10.0 16.6
0.10999999999999999 3.0 16.6
0.01 5.0 19.8
0.25 8.0 19.8
0.11 5.0 17.8
0.12 5.0 19.400000000000002
0.10999999999999999 6.0 20.0
0.060000000000000005 6.0 16.6
0.2 6.0 14.100000000000001
0.04999999999999999 10.0 20.0
0.12 8.0 16.6
0.10999999999999999 5.0 16.6
0.11 5.0 19.8
0.15 8.0 17.3
0.11 5.0 17.8
0.12 5.0 19.400000000000002
0.10999999999999999 6.0 20.0
0.09 6.0 19.400000000000002
0.13 6.0 16.6
0.15 12.0 17.8
0.28 10.0 16.6
