0.75 2.0 0.01
0.75 2.0 0.09999999999999998
0.75 2.0 0.11000000000000032
0.75 2.0 0.20000000000000007
0.75 2.0 0.20000000000000018
0.75 2.0 0.2099999999999997
0.75 2.0 0.20999999999999996
0.75 2.0 0.30000000000000027
0.75 2.0 0.31
0.75 2.0 0.31000000000000005
0.75 2.0 0.09999999999999998
0.75 2.0 0.11000000000000032
0.58 2.0 0.20000000000000007
0.92 2.0 0.20000000000000018
0.75 2.0 0.2099999999999997
0.75 2.0 0.20999999999999996
0.63 2.0 0.30000000000000027
0.75 2.0 0.31
0.75 2.0 0.31000000000000005
0.75 2.0 0.41000000000000003
0.75 2.0 0.09999999999999998
0.75 2.0 0.11000000000000032
0.75 2.0 0.20000000000000007
0.75 3.0 0.20000000000000018
0.75 2.0 0.2099999999999997
0.75 4.0 2.11
0.75 2.0 0.30000000000000027
0.75 2.0 0.01
0.75 2.0 0.01
0.75 2.0 0.01
0.75 2.0 0.09999999999999998
0.75 2.0 0.11000000000000032
0.75 2.0 0.20000000000000007
0.75 2.0 0.20000000000000018
0.75 2.0 0.2099999999999997
0.75 2.0 0.20999999999999996
0.75 2.0 0.30000000000000027
0.75 2.0 0.31
0.75 2.0 0.31000000000000005
0.75 2.0 0.01
0.76 2.0 0.09999999999999998
0.75 2.0 0.11000000000000032
0.86 2.0 0.20000000000000007
0.75 2.0 0.01
0.75 2.0 0.2099999999999997
0.75 3.0 3.31
0.75 2.0 0.30000000000000027
0.75 2.0 0.31
0.75 2.0 0.31000000000000005
0.75 2.0 0.01
