0.59 20.0 0.61
0.59 21.0 0.61
0.59 22.0 0.61
0.59 23.0 0.61
0.59 24.0 0.61
0.59 25.0 0.61
0.5900000000000001 20.0 0.61
0.5900000000000001 21.0 0.61
0.5900000000000001 22.0 0.61
0.5900000000000001 23.0 0.61
0.59 21.0 0.61
0.59 22.0 0.61
0.59 23.0 0.61
0.59 24.0 0.61
0.59 25.0 0.61
0.5900000000000001 20.0 0.61
0.5900000000000001 21.0 0.61
0.5900000000000001 22.0 0.61
0.5900000000000001 23.0 0.61
0.59 20.0 0.61
0.59 21.0 0.61
0.52 19.0 0.61
0.59 21.0 0.61
0.59 24.0 0.61
0.59 25.0 0.61
0.5900000000000001 20.0 0.61
0.5900000000000001 21.0 0.61
0.6300000000000001 22.0 0.61
0.5900000000000001 18.0 7.109999999999999
0.49000000000000005 20.0 0.61
0.59 21.0 0.61
0.59 22.0 0.61
0.59 23.0 1.71
0.59 24.0 0.61
0.59 25.0 0.61
0.5900000000000001 20.0 0.61
0.4100000000000001 21.0 0.61
0.32000000000000006 22.0 3.4099999999999997
0.5900000000000001 23.0 0.61
0.59 20.0 0.61
0.59 23.0 0.61
0.59 22.0 0.61
0.59 23.0 0.61
0.59 24.0 0.61
0.59 25.0 0.61
0.5900000000000001 20.0 0.61
0.5900000000000001 21.0 0.61
0.5900000000000001 22.0 0.61
0.45000000000000007 23.0 0.61
0.59 20.0 0.01
