0.8099999999999999 8.0 0.01
0.55 8.0 1.5
0.6299999999999999 8.0 1.01
0.7 8.0 1.01
0.8099999999999999 8.0 0.20999999999999996
0.21000000000000002 9.0 1.5100000000000002
0.39 9.0 0.01
0.84 8.0 0.20999999999999996
0.01 9.0 0.91
0.21000000000000002 9.0 1.5
0.8099999999999999 8.0 1.5
0.55 8.0 1.01
0.6299999999999999 8.0 1.01
0.7 8.0 1.1099999999999999
0.8099999999999999 9.0 1.5100000000000002
0.21000000000000002 9.0 0.01
0.39 8.0 0.20999999999999996
0.84 10.0 0.01
0.01 9.0 1.5
0.21000000000000002 8.0 0.01
0.8099999999999999 8.0 1.5
0.55 8.0 1.01
0.6299999999999999 8.0 1.01
0.7 8.0 0.20999999999999996
0.8099999999999999 7.0 1.5100000000000002
0.21000000000000002 7.0 0.01
0.39 8.0 0.20999999999999996
0.84 9.0 0.91
0.01 9.0 1.5
0.21000000000000002 8.0 0.01
0.8099999999999999 8.0 1.5
0.55 8.0 1.01
0.6299999999999999 8.0 1.01
0.7 8.0 0.20999999999999996
0.84 10.0 1.5100000000000002
0.21000000000000002 9.0 0.01
0.39 7.0 0.20999999999999996
0.84 9.0 0.91
0.01 9.0 1.5
0.21000000000000002 8.0 0.01
0.74 8.0 0.01
0.55 8.0 1.01
0.6299999999999999 8.0 4.71
0.7 8.0 0.20999999999999996
0.8099999999999999 9.0 1.5100000000000002
0.21000000000000002 9.0 0.01
0.39 7.0 0.20999999999999996
0.9199999999999999 9.0 0.01
0.01 9.0 1.5
0.21000000000000002 8.0 0.01
