0.6200000000000001 13.0 0.01
0.5600000000000002 15.0 0.01
0.6000000000000001 13.0 0.01
0.6100000000000001 13.0 0.01
0.6100000000000002 13.0 0.01
0.6200000000000001 15.0 0.01
0.42000000000000004 15.0 0.01
0.42000000000000004 18.0 0.01
0.4200000000000001 15.0 0.01
0.4200000000000001 18.0 0.01
0.5600000000000002 12.0 0.01
0.6000000000000001 13.0 0.01
0.6100000000000001 13.0 0.01
0.6100000000000002 13.0 0.01
0.6200000000000001 15.0 0.01
0.42000000000000004 15.0 0.01
0.42000000000000004 18.0 0.01
0.4200000000000001 15.0 0.01
0.4200000000000001 18.0 0.01
0.6200000000000001 13.0 0.01
0.5600000000000002 15.0 0.01
0.7300000000000001 11.0 0.01
0.6700000000000002 11.0 0.01
0.6100000000000002 13.0 0.01
0.6200000000000001 15.0 0.01
0.42000000000000004 14.0 0.91
0.42000000000000004 18.0 0.01
0.4200000000000001 15.0 1.91
0.4200000000000001 18.0 0.01
0.6200000000000001 13.0 0.01
0.5600000000000002 15.0 0.01
0.6000000000000001 13.0 0.01
0.6000000000000001 13.0 0.01
0.6100000000000002 13.0 0.01
0.5700000000000001 15.0 0.01
0.42000000000000004 15.0 2.51
0.4 19.0 0.01
0.4200000000000001 15.0 0.01
0.4200000000000001 18.0 0.01
0.6200000000000001 13.0 0.01
0.5600000000000002 15.0 0.01
0.6000000000000001 10.0 0.01
0.8 13.0 0.01
0.6100000000000002 13.0 2.81
0.6200000000000001 15.0 0.01
0.22 15.0 0.01
0.51 18.0 0.01
0.4200000000000001 15.0 0.01
0.4200000000000001 18.0 0.01
0.6200000000000001 15.0 0.01
