0.16999999999999998 16.0 0.51
0.15000000000000002 13.0 0.41000000000000003
0.15999999999999998 16.0 0.51
0.16000000000000003 16.0 0.51
0.16999999999999998 16.0 0.41000000000000003
0.13999999999999999 16.0 0.41000000000000003
0.15000000000000002 13.0 0.51
0.15000000000000002 15.0 0.41000000000000003
0.15000000000000002 16.0 0.51
0.15999999999999998 16.0 0.41000000000000003
0.16999999999999998 13.0 0.41000000000000003
0.15000000000000002 16.0 0.51
0.15999999999999998 16.0 0.51
0.16000000000000003 16.0 0.41000000000000003
0.07999999999999999 16.0 0.41000000000000003
0.13999999999999999 13.0 0.51
0.04000000000000002 13.0 0.41000000000000003
0.15000000000000002 16.0 0.01
0.15000000000000002 16.0 0.41000000000000003
0.15999999999999998 16.0 0.51
0.16999999999999998 13.0 0.41000000000000003
0.15000000000000002 16.0 0.01
0.15999999999999998 16.0 0.51
0.16000000000000003 16.0 2.41
0.16999999999999998 13.0 0.71
0.01 13.0 0.51
0.01 15.0 1.9100000000000001
0.15000000000000002 16.0 2.51
0.15000000000000002 16.0 0.41000000000000003
0.15999999999999998 16.0 0.51
0.16999999999999998 13.0 0.41000000000000003
0.15000000000000002 16.0 0.51
0.15999999999999998 16.0 0.51
0.16000000000000003 16.0 0.41000000000000003
0.16999999999999998 16.0 0.41000000000000003
0.13999999999999999 13.0 0.51
0.15000000000000002 15.0 0.41000000000000003
0.15000000000000002 16.0 0.51
0.15000000000000002 16.0 0.41000000000000003
0.15999999999999998 16.0 0.51
0.16999999999999998 13.0 0.41000000000000003
0.15000000000000002 16.0 0.51
0.15999999999999998 16.0 1.21
0.16000000000000003 16.0 0.41000000000000003
0.16999999999999998 16.0 0.41000000000000003
0.13999999999999999 13.0 2.91
0.15000000000000002 15.0 0.41000000000000003
0.15000000000000002 14.0 1.71
0.15000000000000002 16.0 0.41000000000000003
0.15999999999999998 16.0 1.21
