0.06 1.0 0.01
0.06 1.0 0.11000000000000001
0.06 1.0 0.21000000000000002
0.06 1.0 0.3000000000000038
0.06 1.0 0.31000000000000005
0.06 1.0 0.3999999999999998
0.06 1.0 0.4000000000000038
0.06 1.0 0.41000000000000003
0.06 1.0 0.4999999999999998
0.06 1.0 0.61
0.06 1.0 0.11000000000000001
0.06 1.0 0.21000000000000002
0.06 1.0 0.3000000000000038
0.06 1.0 0.31000000000000005
0.06 1.0 0.3999999999999998
0.06 1.0 0.4000000000000038
0.06 1.0 0.41000000000000003
0.06 1.0 0.4999999999999998
0.06 1.0 0.01
0.06 1.0 0.01
0.06 3.0 0.01
0.06 1.0 0.21000000000000002
0.06 1.0 0.3000000000000038
0.06 1.0 0.31000000000000005
0.06 1.0 0.3999999999999998
0.06 1.0 0.4000000000000038
0.06 1.0 0.41000000000000003
0.35 1.0 0.4999999999999998
0.01 1.0 0.01
0.06 1.0 0.01
0.06 1.0 0.01
0.06 1.0 0.21000000000000002
0.06 1.0 0.3000000000000038
0.06 1.0 0.31000000000000005
0.13 1.0 0.3999999999999998
0.06 1.0 0.4000000000000038
0.06 1.0 0.41000000000000003
0.06 1.0 0.4999999999999998
0.06 1.0 0.61
0.06 1.0 0.01
0.06 1.0 0.01
0.2 1.0 0.21000000000000002
0.06 1.0 0.3000000000000038
0.06 1.0 0.31000000000000005
0.06 1.0 0.3999999999999998
0.08 1.0 0.4000000000000038
0.16999999999999998 1.0 2.41
0.06 1.0 0.4999999999999998
0.06 1.0 0.61
0.01 1.0 0.01
