0.01 5.0 2.3
0.01 5.0 2.4
0.01 5.0 2.5
0.01 5.0 2.6
0.01 6.0 2.3
0.01 6.0 2.4
0.01 6.0 2.5999999999999996
0.01 6.0 2.6
0.01 7.0 2.3
0.01 7.0 2.4
0.01 7.0 2.5999999999999996
0.01 7.0 2.6
0.01 8.0 2.3
0.01 8.0 2.4
0.01 8.0 2.6
0.01 9.0 2.3
0.01 9.0 2.3099999999999996
0.01 9.0 2.4
0.01 9.0 2.5999999999999996
0.01 9.0 2.6
0.01 10.0 2.3
0.01 10.0 2.4
0.01 10.0 2.5
0.01 10.0 2.5999999999999996
0.01 10.0 2.6
0.01 11.0 2.3
0.01 11.0 2.4
0.01 11.0 2.5
0.01 11.0 2.5999999999999996
0.01 11.0 2.6
0.01 12.0 2.3
0.01 12.0 2.4
0.01 12.0 2.6
0.01 13.0 2.3
0.01 13.0 2.4
0.01 5.0 2.3
0.01 5.0 2.4
0.01 5.0 5.5
0.01 11.0 10.2
0.01 6.0 2.3
0.01 6.0 3.2
0.01 13.0 1.5999999999999996
0.01 7.0 2.6
0.01 7.0 2.3
0.01 7.0 2.4
0.01 7.0 2.5999999999999996
0.01 11.0 2.6
0.01 8.0 2.3
0.01 15.0 2.4
0.01 9.0 2.6
0.01 15.0 2.3
0.01 9.0 2.3099999999999996
0.01 12.0 2.4
0.01 9.0 2.5999999999999996
0.01 10.0 2.6
0.030000000000000027 10.0 4.3
0.01 10.0 2.4
0.01 10.0 2.5
0.01 10.0 4.8999999999999995
0.03 11.0 2.6
0.01 11.0 2.3
0.01 11.0 2.4
0.01 11.0 2.5
0.01 11.0 0.01
0.01 12.0 0.01
0.01 12.0 2.3
0.01 12.0 2.4
0.01 13.0 2.6
0.01 13.0 2.3
0.01 5.0 2.4
0.01 5.0 2.3
0.01 5.0 2.4
0.01 5.0 2.5
0.01 6.0 2.6
0.01 6.0 0.8999999999999999
0.01 6.0 2.4
0.01 6.0 2.5999999999999996
0.13 7.0 2.6
0.01 7.0 2.3
0.01 7.0 2.4
0.01 7.0 2.5999999999999996
0.01 8.0 2.6
0.01 14.0 7.3999999999999995
0.01 8.0 2.4
0.01 9.0 2.6
0.01 9.0 2.3
0.01 9.0 2.3099999999999996
0.01 10.0 4.01
0.01 9.0 2.5999999999999996
0.01 10.0 2.6
0.01 10.0 2.3
0.01 10.0 2.4
0.01 10.0 2.5
0.01 10.0 2.5999999999999996
0.01 11.0 2.6
0.01 11.0 2.3
0.01 11.0 2.4
0.01 11.0 2.5
0.01 11.0 2.5999999999999996
0.01 17.0 2.6
