0.019999999999999997 1.0 0.01
0.019999999999999997 1.0 0.09999999999999906
0.019999999999999997 1.0 0.19999999999999907
0.019999999999999997 1.0 0.1999999999999993
0.019999999999999997 1.0 0.20000000000000043
0.019999999999999997 1.0 0.21000000000000002
0.019999999999999997 1.0 0.30000000000000043
0.019999999999999997 1.0 0.4099999999999999
0.019999999999999997 1.0 0.4999999999999993
0.019999999999999997 1.0 0.5000000000000004
0.019999999999999997 1.0 0.01
0.019999999999999997 1.0 0.09999999999999906
0.019999999999999997 1.0 0.19999999999999907
0.019999999999999997 1.0 0.1999999999999993
0.019999999999999997 1.0 0.20000000000000043
0.10999999999999999 1.0 2.81
0.01 3.0 0.01
0.019999999999999997 1.0 0.4099999999999999
0.01 1.0 6.099999999999999
0.16999999999999998 1.0 0.5000000000000004
0.019999999999999997 1.0 0.01
0.019999999999999997 1.0 0.09999999999999906
0.019999999999999997 1.0 0.19999999999999907
0.019999999999999997 1.0 0.1999999999999993
0.019999999999999997 1.0 0.20000000000000043
0.019999999999999997 1.0 2.81
0.019999999999999997 1.0 0.30000000000000043
0.019999999999999997 3.0 0.4099999999999999
0.019999999999999997 1.0 0.4999999999999993
0.019999999999999997 1.0 0.5000000000000004
0.019999999999999997 1.0 0.01
0.019999999999999997 1.0 0.09999999999999906
0.019999999999999997 1.0 0.19999999999999907
0.019999999999999997 1.0 0.01
0.019999999999999997 1.0 0.20000000000000043
0.019999999999999997 1.0 0.21000000000000002
0.019999999999999997 1.0 0.30000000000000043
0.019999999999999997 1.0 0.4099999999999999
0.019999999999999997 1.0 0.4999999999999993
0.019999999999999997 1.0 0.5000000000000004
0.06 1.0 0.01
0.01 1.0 0.09999999999999906
0.019999999999999997 1.0 2.299999999999999
0.019999999999999997 1.0 0.1999999999999993
0.01 1.0 0.01
0.019999999999999997 1.0 0.21000000000000002
0.019999999999999997 3.0 1.4000000000000006
0.01 1.0 0.4099999999999999
0.019999999999999997 1.0 0.4999999999999993
0.01 1.0 0.5000000000000004
