0.019999999999999997 1.0 0.01
0.019999999999999997 1.0 0.09999999999999987
0.019999999999999997 1.0 0.10999999999999988
0.019999999999999997 1.0 0.20999999999999952
0.019999999999999997 1.0 0.30000000000000004
0.019999999999999997 1.0 0.3099999999999999
0.019999999999999997 1.0 0.40999999999999953
0.019999999999999997 1.0 0.40999999999999986
0.019999999999999997 1.0 0.4099999999999999
0.019999999999999997 1.0 0.4999999999999999
0.019999999999999997 1.0 0.01
0.07999999999999999 2.0 0.09999999999999987
0.019999999999999997 1.0 0.10999999999999988
0.019999999999999997 1.0 0.20999999999999952
0.01 1.0 3.5
0.019999999999999997 1.0 0.3099999999999999
0.019999999999999997 1.0 0.40999999999999953
0.019999999999999997 1.0 0.40999999999999986
0.019999999999999997 1.0 0.4099999999999999
0.019999999999999997 1.0 0.4999999999999999
0.019999999999999997 1.0 0.01
0.019999999999999997 1.0 0.09999999999999987
0.01 1.0 0.01
0.01 3.0 0.20999999999999952
0.019999999999999997 1.0 0.30000000000000004
0.019999999999999997 1.0 0.3099999999999999
0.019999999999999997 1.0 0.40999999999999953
0.019999999999999997 1.0 0.40999999999999986
0.019999999999999997 1.0 3.9099999999999997
0.019999999999999997 1.0 3.2
0.019999999999999997 1.0 0.01
0.019999999999999997 1.0 0.09999999999999987
0.019999999999999997 1.0 0.10999999999999988
0.01 1.0 1.3099999999999996
0.019999999999999997 1.0 0.30000000000000004
0.019999999999999997 2.0 0.3099999999999999
0.019999999999999997 1.0 0.40999999999999953
0.019999999999999997 1.0 0.40999999999999986
0.019999999999999997 1.0 0.4099999999999999
0.019999999999999997 1.0 3.7
0.019999999999999997 1.0 0.01
0.019999999999999997 1.0 0.09999999999999987
0.019999999999999997 1.0 0.10999999999999988
0.019999999999999997 1.0 0.20999999999999952
0.019999999999999997 1.0 0.30000000000000004
0.019999999999999997 1.0 0.3099999999999999
0.19 1.0 4.31
0.019999999999999997 1.0 0.40999999999999986
0.019999999999999997 1.0 0.4099999999999999
0.019999999999999997 1.0 0.01
