0.83 11.0 0.01
0.52 12.0 0.01
0.71 13.0 0.01
0.46 14.0 0.21000000000000002
0.68 11.0 0.21000000000000002
0.44 14.0 0.01
0.46 11.0 0.01
0.45 13.0 0.21000000000000002
0.87 11.0 0.01
0.48 13.0 0.21000000000000002
0.52 11.0 3.9099999999999997
0.71 12.0 0.01
0.46 13.0 0.21000000000000002
0.7800000000000001 13.0 0.01
0.44 11.0 0.01
0.46 14.0 0.01
0.45 11.0 0.81
1.0 13.0 3.61
0.48 9.0 0.21000000000000002
0.83 14.0 0.01
0.52 11.0 0.01
0.71 10.0 0.01
0.46 13.0 0.9099999999999999
0.68 14.0 3.31
0.44 11.0 0.01
0.46 14.0 0.01
0.45 11.0 0.21000000000000002
0.87 13.0 0.01
0.65 10.0 0.21000000000000002
0.95 11.0 0.01
0.52 11.0 0.01
0.71 12.0 0.01
0.46 13.0 0.21000000000000002
0.68 14.0 0.21000000000000002
0.44 11.0 0.01
0.46 11.0 0.01
0.5700000000000001 11.0 0.21000000000000002
0.87 13.0 0.01
0.48 11.0 0.21000000000000002
0.83 13.0 0.01
0.71 11.0 0.01
0.7599999999999999 13.0 0.01
0.46 13.0 0.21000000000000002
0.68 14.0 0.21000000000000002
0.44 11.0 0.01
0.46 14.0 0.01
0.45 11.0 0.21000000000000002
0.87 13.0 0.01
0.48 9.0 0.010000000000000009
0.93 13.0 0.01
