0.01 3.0 2.6999999999999997
0.01 3.0 2.8099999999999996
0.01 3.0 2.8100000000000005
0.01 3.0 2.9
0.01 3.0 3.0
0.01 3.0 3.01
0.01 3.0 3.1
0.01 3.0 3.1100000000000003
0.01 3.0 0.01
0.01 3.0 0.010000000000000009
0.01 3.0 2.8099999999999996
0.01 3.0 2.8100000000000005
0.01 3.0 2.9
0.01 3.0 3.0
0.2 3.0 2.8099999999999996
0.01 3.0 3.1
0.01 3.0 3.1100000000000003
0.01 3.0 2.9099999999999997
0.01 3.0 0.010000000000000009
0.01 5.0 2.6999999999999997
0.01 3.0 2.8099999999999996
0.01 3.0 2.8100000000000005
0.01 3.0 4.5
0.01 3.0 1.5
0.01 3.0 3.01
0.01 3.0 3.1
0.09999999999999999 5.0 4.3100000000000005
0.01 3.0 0.01
0.01 3.0 0.010000000000000009
0.01 4.0 5.1
0.13 3.0 0.8099999999999996
0.01 3.0 1.5100000000000005
0.01 2.0 2.9
0.01 3.0 3.0
0.01 1.0 3.01
0.01 3.0 3.1
0.01 3.0 3.1100000000000003
0.01 3.0 0.01
0.01 3.0 0.010000000000000009
0.01 3.0 1.6999999999999997
0.01 3.0 4.109999999999999
0.01 3.0 2.8100000000000005
0.01 3.0 0.10000000000000009
0.01 3.0 3.0
0.01 3.0 3.01
0.01 5.0 3.1
0.01 3.0 3.1100000000000003
0.01 3.0 0.01
0.01 3.0 0.010000000000000009
0.01 3.0 4.9
