0.16 1.0 0.01
0.16 1.0 0.09999999999999831
0.16 1.0 0.2999999999999985
0.16 1.0 0.30999999999999983
0.16 1.0 0.40999999999999986
0.16 1.0 0.5999999999999983
0.16 1.0 0.6999999999999983
0.16 1.0 0.71
0.16 1.0 0.7999999999999983
0.16 1.0 0.8999999999999984
0.15 1.0 0.09999999999999831
0.16 1.0 0.2999999999999985
0.01 1.0 0.30999999999999983
0.16 1.0 0.40999999999999986
0.16 1.0 0.5999999999999983
0.22 1.0 0.6999999999999983
0.16 1.0 0.71
0.16 1.0 0.7999999999999983
0.16 1.0 0.8999999999999984
0.16 1.0 0.01
0.16 1.0 0.09999999999999831
0.16 1.0 0.2999999999999985
0.16 1.0 0.30999999999999983
0.16 1.0 0.40999999999999986
0.13 1.0 0.5999999999999983
0.16 1.0 3.6999999999999984
0.16 1.0 0.71
0.16 1.0 0.7999999999999983
0.16 1.0 0.8999999999999984
0.16 3.0 0.01
0.16 1.0 0.09999999999999831
0.16 1.0 2.9999999999999987
0.16 1.0 0.30999999999999983
0.16 1.0 0.40999999999999986
0.16 1.0 0.01
0.16 1.0 0.6999999999999983
0.16 1.0 2.91
0.16 1.0 0.7999999999999983
0.16 1.0 0.8999999999999984
0.16 1.0 0.01
0.16 3.0 0.09999999999999831
0.16 1.0 0.2999999999999985
0.16 1.0 0.30999999999999983
0.16 1.0 0.40999999999999986
0.16 1.0 0.5999999999999983
0.16 1.0 0.6999999999999983
0.16 1.0 0.71
0.16 1.0 0.7999999999999983
0.16 1.0 0.8999999999999984
0.16 1.0 0.01
