0.04 1.0 0.01
0.04 1.0 0.1100000000000001
0.04 1.0 0.2100000000000002
0.04 1.0 0.31
0.04 1.0 0.41
0.04 1.0 0.41000000000000003
0.04 1.0 0.4100000000000002
0.04 1.0 0.5100000000000002
0.04 1.0 0.6100000000000001
0.04 1.0 0.6100000000000002
0.04 1.0 0.01
0.04 3.0 0.01
0.04 1.0 3.51
0.12 1.0 0.31
0.04 1.0 0.41
0.04 1.0 0.41000000000000003
0.04 1.0 0.4100000000000002
0.04 1.0 0.5100000000000002
0.04 1.0 0.6100000000000001
0.04 1.0 0.6100000000000002
0.04 1.0 0.01
0.04 1.0 0.1100000000000001
0.24000000000000002 1.0 0.2100000000000002
0.04 1.0 0.31
0.01 1.0 0.41
0.04 1.0 0.41000000000000003
0.04 1.0 0.4100000000000002
0.04 1.0 0.5100000000000002
0.04 1.0 0.6100000000000001
0.04 1.0 0.6100000000000002
0.04 1.0 0.01
0.04 1.0 0.1100000000000001
0.04 1.0 0.2100000000000002
0.04 1.0 0.31
0.04 1.0 0.41
0.04 1.0 0.41000000000000003
0.01 1.0 0.4100000000000002
0.04 1.0 0.5100000000000002
0.04 1.0 0.6100000000000001
0.04 1.0 0.6100000000000002
0.04 1.0 0.01
0.04 1.0 0.1100000000000001
0.04 1.0 0.2100000000000002
0.04 1.0 0.31
0.08 1.0 0.41
0.04 1.0 0.41000000000000003
0.04 1.0 0.4100000000000002
0.04 1.0 0.5100000000000002
0.04 1.0 0.6100000000000001
0.04 1.0 0.6100000000000002
