0.01 1.0 0.01
0.01 1.0 0.10999999999999943
0.01 1.0 0.10999999999999999
0.01 1.0 0.11000000000000032
0.01 1.0 0.21000000000000002
0.01 1.0 0.3099999999999995
0.01 1.0 0.4099999999999994
0.01 1.0 0.41
0.01 1.0 0.5099999999999997
0.01 1.0 0.6099999999999997
0.01 1.0 0.10999999999999943
0.01 1.0 0.10999999999999999
0.01 1.0 0.11000000000000032
0.01 1.0 0.21000000000000002
0.09 1.0 0.3099999999999995
0.01 3.0 1.3099999999999994
0.01 1.0 0.41
0.01 1.0 0.5099999999999997
0.01 1.0 0.6099999999999997
0.01 1.0 0.01
0.01 1.0 0.10999999999999943
0.01 1.0 0.10999999999999999
0.01 1.0 0.11000000000000032
0.01 1.0 0.01
0.01 1.0 0.3099999999999995
0.01 1.0 0.4099999999999994
0.17 1.0 0.41
0.01 1.0 0.5099999999999997
0.01 1.0 0.6099999999999997
0.01 1.0 0.01
0.01 1.0 0.10999999999999943
0.01 1.0 0.10999999999999999
0.01 1.0 0.11000000000000032
0.01 2.0 0.21000000000000002
0.01 1.0 0.3099999999999995
0.01 1.0 0.4099999999999994
0.01 1.0 0.41
0.01 1.0 0.5099999999999997
0.01 1.0 0.6099999999999997
0.01 1.0 0.01
0.19 1.0 1.3099999999999994
0.01 1.0 0.10999999999999999
0.01 1.0 1.0100000000000002
0.01 1.0 0.21000000000000002
0.01 1.0 0.3099999999999995
0.01 1.0 0.4099999999999994
0.01 1.0 0.41
0.01 1.0 0.5099999999999997
0.01 1.0 0.6099999999999997
0.01 1.0 0.01
