0.01 1.0 12.100000000000003
0.01 1.0 12.199999999999998
0.01 1.0 12.2
0.01 1.0 12.200000000000001
0.01 1.0 12.200000000000003
0.01 1.0 12.4
0.01 1.0 12.499999999999998
0.01 1.0 12.5
0.01 1.0 12.6
0.01 1.0 12.700000000000003
0.01 1.0 12.100000000000003
0.01 1.0 12.599999999999998
0.01 2.0 8.399999999999999
0.01 1.0 12.200000000000001
0.01 1.0 12.200000000000003
0.01 1.0 12.4
0.01 1.0 12.499999999999998
0.01 3.0 12.5
0.01 1.0 12.6
0.04 2.0 12.600000000000003
0.01 1.0 12.100000000000003
0.01 1.0 12.199999999999998
0.01 1.0 12.2
0.01 1.0 12.200000000000001
0.01 1.0 12.200000000000003
0.01 1.0 12.4
0.01 1.0 13.199999999999998
0.01 1.0 12.5
0.01 1.0 12.6
0.01 1.0 12.000000000000004
0.01 1.0 12.100000000000003
0.01 1.0 12.199999999999998
0.01 2.0 12.2
0.01 1.0 12.200000000000001
0.01 1.0 12.200000000000003
0.01 1.0 12.4
0.01 1.0 14.499999999999998
0.01 1.0 12.5
0.01 1.0 12.6
0.01 1.0 12.700000000000003
0.01 1.0 12.100000000000003
0.01 1.0 11.599999999999998
0.01 1.0 12.2
0.01 1.0 12.200000000000001
0.01 1.0 11.300000000000002
0.01 1.0 12.4
0.01 1.0 12.499999999999998
0.01 1.0 12.5
0.01 1.0 12.6
0.01 1.0 12.700000000000003
