0.96 1.0 17.9
0.96 1.0 17.999999999999996
0.96 1.0 18.2
0.96 1.0 18.299999999999997
0.96 1.0 18.4
0.96 1.0 18.9
0.96 1.0 19.299999999999997
0.96 1.0 20.0
0.97 1.0 19.1
0.21000000000000002 1.0 0.01
0.96 1.0 17.9
0.96 1.0 17.999999999999996
0.96 1.0 18.2
0.96 1.0 18.299999999999997
0.96 1.0 18.4
0.77 1.0 20.0
0.96 1.0 19.299999999999997
1.0 1.0 20.0
0.21000000000000002 1.0 19.1
0.96 1.0 0.01
0.84 1.0 18.599999999999998
1.0 2.0 17.999999999999996
0.96 1.0 18.2
0.96 1.0 18.299999999999997
0.96 1.0 18.4
0.96 1.0 18.9
0.96 1.0 19.299999999999997
0.97 1.0 20.0
0.25 1.0 19.8
0.96 1.0 0.01
1.0 1.0 17.9
0.96 1.0 17.999999999999996
0.96 1.0 18.2
0.96 1.0 18.299999999999997
0.96 1.0 18.4
0.96 1.0 20.0
0.96 3.0 20.0
0.78 1.0 20.0
0.21000000000000002 1.0 19.1
0.96 1.0 0.01
0.96 1.0 17.9
0.98 1.0 14.999999999999996
0.96 1.0 18.2
0.96 1.0 18.299999999999997
0.96 1.0 18.4
0.96 1.0 18.9
0.96 1.0 19.299999999999997
0.97 1.0 20.0
0.21000000000000002 1.0 19.1
0.96 1.0 0.81
