0.06999999999999999 1.0 0.01
0.06999999999999999 1.0 0.31
0.06999999999999999 1.0 0.41000000000000003
0.06999999999999999 1.0 3.21
0.07999999999999999 1.0 0.01
0.07999999999999999 1.0 0.10000000000000042
0.07999999999999999 1.0 0.11
0.07999999999999999 1.0 0.11000000000000004
0.07999999999999999 1.0 0.19999999999999965
0.07999999999999999 1.0 0.19999999999999996
0.06999999999999999 1.0 0.31
0.06999999999999999 1.0 2.11
0.01 1.0 3.21
0.06999999999999999 1.0 0.01
0.07999999999999999 2.0 0.01
0.07999999999999999 1.0 0.11
0.07999999999999999 1.0 0.11000000000000004
0.07999999999999999 1.0 0.19999999999999965
0.07999999999999999 1.0 0.19999999999999996
0.07999999999999999 1.0 0.01
0.06999999999999999 1.0 0.31
0.06999999999999999 1.0 0.41000000000000003
0.06999999999999999 1.0 3.21
0.06999999999999999 1.0 0.01
0.07999999999999999 1.0 0.10000000000000042
0.07999999999999999 1.0 0.11
0.07999999999999999 1.0 0.11000000000000004
0.07999999999999999 1.0 0.19999999999999965
0.07999999999999999 1.0 0.19999999999999996
0.07999999999999999 1.0 0.01
0.06999999999999999 2.0 0.01
0.06999999999999999 3.0 0.41000000000000003
0.06999999999999999 1.0 3.21
0.06999999999999999 1.0 0.01
0.07999999999999999 1.0 0.10000000000000042
0.07999999999999999 1.0 1.2100000000000002
0.15 1.0 0.11000000000000004
0.01 1.0 0.19999999999999965
0.03999999999999999 1.0 0.19999999999999996
0.07999999999999999 1.0 0.01
0.06999999999999999 1.0 0.31
0.01 1.0 0.41000000000000003
0.06999999999999999 1.0 3.21
0.06999999999999999 1.0 0.01
0.07999999999999999 1.0 0.10000000000000042
0.07999999999999999 1.0 0.11
0.07999999999999999 1.0 0.11000000000000004
0.07999999999999999 1.0 0.19999999999999965
0.07999999999999999 1.0 0.19999999999999996
0.07999999999999999 1.0 0.01
