1.0 6.0 6.999999999999999
1.0 7.0 6.999999999999999
1.0 8.0 6.999999999999999
1.0 9.0 6.999999999999999
1.0 10.0 6.999999999999999
1.0 11.0 6.999999999999999
1.0 12.0 6.999999999999999
1.0 13.0 6.999999999999999
1.0 14.0 6.999999999999999
1.0 15.0 6.999999999999999
1.0 6.0 7.8999999999999995
1.0 6.0 6.999999999999999
0.8200000000000001 8.0 6.999999999999999
1.0 9.0 10.6
1.0 10.0 9.799999999999999
1.0 11.0 6.999999999999999
1.0 12.0 6.999999999999999
1.0 13.0 6.999999999999999
1.0 14.0 6.999999999999999
0.9299999999999999 15.0 14.7
1.0 6.0 6.999999999999999
1.0 7.0 6.999999999999999
1.0 8.0 6.999999999999999
0.83 8.0 6.999999999999999
1.0 10.0 6.999999999999999
1.0 11.0 6.999999999999999
1.0 12.0 6.999999999999999
1.0 13.0 6.999999999999999
1.0 14.0 6.999999999999999
0.94 15.0 9.7
1.0 6.0 6.999999999999999
1.0 9.0 10.799999999999999
1.0 8.0 6.999999999999999
1.0 9.0 6.999999999999999
1.0 10.0 6.999999999999999
1.0 11.0 7.3
1.0 12.0 6.999999999999999
1.0 13.0 4.699999999999999
0.9299999999999999 14.0 6.999999999999999
1.0 15.0 6.999999999999999
1.0 6.0 6.999999999999999
1.0 7.0 6.999999999999999
1.0 8.0 6.999999999999999
1.0 9.0 6.999999999999999
1.0 10.0 6.999999999999999
0.97 11.0 6.999999999999999
1.0 12.0 6.999999999999999
1.0 13.0 10.799999999999999
1.0 14.0 6.999999999999999
1.0 15.0 6.999999999999999
