0.41 1.0 0.01
0.41 1.0 0.10999999999999999
0.41 1.0 0.2100000000000002
0.41 1.0 0.31000000000000005
0.41 1.0 0.4
0.41 1.0 0.5
0.41 1.0 0.8
0.41 1.0 0.8100000000000002
0.41 1.0 0.91
0.41 1.0 0.9100000000000001
0.41 1.0 0.10999999999999999
0.41 1.0 0.2100000000000002
0.31999999999999995 1.0 0.31000000000000005
0.55 1.0 0.01
0.30999999999999994 1.0 0.5
0.48 1.0 0.8
0.41 1.0 0.8100000000000002
0.51 1.0 0.91
0.41 1.0 0.9100000000000001
0.41 1.0 0.01
0.41 1.0 0.10999999999999999
0.41 1.0 0.2100000000000002
0.43999999999999995 1.0 0.01
0.41 1.0 2.8
0.52 1.0 0.5
0.41 1.0 0.8
0.41 1.0 0.8100000000000002
0.44000000000000006 1.0 0.91
0.41 1.0 0.9100000000000001
0.43999999999999995 1.0 0.01
0.33999999999999997 1.0 0.10999999999999999
0.41 1.0 0.2100000000000002
0.37 1.0 2.01
0.41 1.0 0.4
0.11999999999999997 1.0 0.5
0.41 1.0 0.8
0.41 1.0 0.8100000000000002
0.41 1.0 0.91
0.41 1.0 0.9100000000000001
0.41 1.0 0.01
0.41 1.0 0.10999999999999999
0.41 1.0 0.2100000000000002
0.41 1.0 6.3100000000000005
0.45999999999999996 1.0 2.4099999999999997
0.41 3.0 0.5
0.41 1.0 0.8
0.41 1.0 0.8100000000000002
0.41 1.0 0.91
0.41 1.0 0.9100000000000001
0.41 1.0 0.01
