0.01 1.0 0.01
0.01 1.0 0.10000000000000009
0.01 1.0 0.19999999999999973
0.01 1.0 0.20000000000000007
0.01 1.0 0.21000000000000002
0.01 1.0 0.2100000000000002
0.01 1.0 0.30000000000000004
0.01 1.0 0.4
0.01 1.0 0.4000000000000001
0.01 1.0 0.41000000000000003
0.01 1.0 3.3000000000000003
0.01 1.0 0.19999999999999973
0.01 1.0 0.20000000000000007
0.01 1.0 1.51
0.01 1.0 0.2100000000000002
0.01 1.0 0.30000000000000004
0.01 1.0 0.4
0.01 1.0 0.30000000000000004
0.01 1.0 0.01
0.01 1.0 0.01
0.01 1.0 0.10000000000000009
0.01 3.0 0.19999999999999973
0.01 1.0 0.20000000000000007
0.01 1.0 0.21000000000000002
0.18000000000000002 1.0 0.2100000000000002
0.01 1.0 0.30000000000000004
0.01 1.0 0.4
0.21000000000000002 1.0 0.4000000000000001
0.01 1.0 0.41000000000000003
0.01 1.0 0.01
0.01 1.0 0.10000000000000009
0.01 1.0 0.19999999999999973
0.01 1.0 0.20000000000000007
0.01 1.0 0.21000000000000002
0.13 2.0 0.2100000000000002
0.01 1.0 0.30000000000000004
0.01 1.0 0.4
0.01 1.0 0.4000000000000001
0.01 1.0 0.41000000000000003
0.01 1.0 0.01
0.08 1.0 0.10000000000000009
0.01 1.0 0.19999999999999973
0.01 1.0 0.20000000000000007
0.01 1.0 0.21000000000000002
0.01 1.0 0.2100000000000002
0.01 1.0 1.3
0.13 1.0 0.4
0.01 1.0 0.4000000000000001
0.01 1.0 0.01
0.01 1.0 0.01
