0.13999999999999999 1.0 0.01
0.13999999999999999 1.0 0.010000000000000009
0.13999999999999999 1.0 0.0999999999999987
0.13999999999999999 1.0 0.1999999999999987
0.13999999999999999 1.0 0.19999999999999873
0.13999999999999999 1.0 0.19999999999999896
0.13999999999999999 1.0 0.2999999999999987
0.13999999999999999 1.0 0.3999999999999986
0.13999999999999999 1.0 0.39999999999999897
0.13999999999999999 1.0 0.4999999999999987
0.13999999999999999 1.0 0.51
0.13999999999999999 1.0 0.5999999999999985
0.13999999999999999 1.0 0.599999999999999
0.13999999999999999 1.0 0.6100000000000001
0.13999999999999999 1.0 0.6999999999999986
0.12999999999999998 1.0 0.010000000000000009
0.13999999999999999 1.0 0.0999999999999987
0.13999999999999999 1.0 0.1999999999999987
0.13999999999999999 1.0 0.19999999999999873
0.13999999999999999 1.0 0.19999999999999896
0.13999999999999999 1.0 0.2999999999999987
0.13999999999999999 1.0 0.3999999999999986
0.13999999999999999 1.0 0.39999999999999897
0.15000000000000002 1.0 0.4999999999999987
0.13999999999999999 1.0 0.51
0.13999999999999999 1.0 0.5999999999999985
0.13999999999999999 1.0 0.599999999999999
0.13999999999999999 1.0 0.6100000000000001
0.13999999999999999 1.0 0.6999999999999986
0.13999999999999999 1.0 0.01
0.13999999999999999 1.0 0.010000000000000009
0.03999999999999998 1.0 0.01
0.13999999999999999 1.0 0.6999999999999987
0.13999999999999999 1.0 0.19999999999999873
0.13999999999999999 1.0 0.19999999999999896
0.13999999999999999 3.0 0.3999999999999987
0.13999999999999999 1.0 0.3999999999999986
0.13999999999999999 1.0 0.39999999999999897
0.059999999999999984 1.0 2.699999999999999
0.13999999999999999 1.0 0.51
0.13999999999999999 1.0 0.5999999999999985
0.13999999999999999 1.0 0.599999999999999
0.13999999999999999 1.0 0.6100000000000001
0.15999999999999998 2.0 0.5999999999999983
0.13999999999999999 1.0 0.01
0.01 1.0 0.010000000000000009
0.13999999999999999 1.0 0.0999999999999987
0.13999999999999999 1.0 0.1999999999999987
0.13999999999999999 1.0 0.19999999999999873
0.13999999999999999 1.0 0.19999999999999896
