0.3399999999999999 1.0 0.01
0.3399999999999999 1.0 0.01000000000000012
0.3399999999999999 1.0 0.1100000000000001
0.3399999999999999 1.0 0.20999999999999996
0.3399999999999999 1.0 0.30999999999999994
0.3399999999999999 1.0 0.3100000000000001
0.3399999999999999 1.0 0.41
0.3399999999999999 1.0 0.4100000000000001
0.3399999999999999 1.0 0.41000000000000014
0.3399999999999999 1.0 0.51
0.3399999999999999 1.0 0.5100000000000001
0.3399999999999999 1.0 0.61
0.3399999999999999 1.0 0.6100000000000001
0.3399999999999999 1.0 0.71
0.3399999999999999 1.0 0.7100000000000002
0.3399999999999999 1.0 0.01000000000000012
0.3399999999999999 1.0 0.1100000000000001
0.3399999999999999 1.0 0.20999999999999996
0.1399999999999999 1.0 0.30999999999999994
0.3399999999999999 1.0 0.3100000000000001
0.3399999999999999 1.0 0.41
0.2599999999999999 1.0 0.4100000000000001
0.3399999999999999 1.0 0.41000000000000014
0.3399999999999999 1.0 0.51
0.3399999999999999 1.0 0.5100000000000001
0.3399999999999999 1.0 0.61
0.2699999999999999 1.0 0.6100000000000001
0.3399999999999999 1.0 0.71
0.3399999999999999 1.0 0.7100000000000002
0.3399999999999999 1.0 0.01
0.3399999999999999 1.0 0.01000000000000012
0.3399999999999999 3.0 0.1100000000000001
0.3399999999999999 1.0 0.20999999999999996
0.3399999999999999 1.0 0.30999999999999994
0.3399999999999999 1.0 0.3100000000000001
0.3399999999999999 1.0 0.41
0.35999999999999993 1.0 2.0100000000000002
0.3399999999999999 1.0 3.0100000000000002
0.3399999999999999 1.0 0.51
0.3399999999999999 1.0 0.5100000000000001
0.3399999999999999 1.0 0.61
0.2399999999999999 1.0 0.6100000000000001
0.3399999999999999 1.0 0.71
0.1399999999999999 2.0 0.7100000000000002
0.3399999999999999 1.0 0.01
0.3399999999999999 1.0 0.01000000000000012
0.3399999999999999 2.0 1.81
0.3399999999999999 1.0 0.20999999999999996
0.3399999999999999 1.0 0.30999999999999994
0.3399999999999999 1.0 0.01
