0.13 1.0 0.01
0.13 1.0 0.09999999999999909
0.13 1.0 0.11000000000000076
0.13 1.0 0.21000000000000008
0.13 1.0 0.39999999999999913
0.13 1.0 0.4999999999999991
0.13 1.0 0.5999999999999994
0.13 1.0 0.6100000000000001
0.13 1.0 0.6100000000000008
0.13 1.0 0.6999999999999992
0.13 2.0 0.09999999999999909
0.24 3.0 0.11000000000000076
0.13 1.0 0.21000000000000008
0.01 1.0 0.01
0.13 1.0 0.4999999999999991
0.13 1.0 0.5999999999999994
0.13 1.0 0.6100000000000001
0.13 1.0 0.6100000000000008
0.29000000000000004 1.0 0.01
0.13 1.0 0.01
0.13 1.0 0.09999999999999909
0.13 1.0 0.01
0.13 1.0 0.21000000000000008
0.13 1.0 0.39999999999999913
0.13 1.0 0.4999999999999991
0.13 1.0 0.5999999999999994
0.13 1.0 0.6100000000000001
0.13 1.0 0.01
0.13 1.0 0.6999999999999992
0.13 1.0 0.01
0.13 1.0 0.09999999999999909
0.13 1.0 1.6100000000000008
0.21000000000000002 1.0 0.21000000000000008
0.13 1.0 0.39999999999999913
0.07 1.0 0.01
0.30000000000000004 1.0 0.01
0.27 1.0 0.6100000000000001
0.13 1.0 0.6100000000000008
0.13 1.0 0.01
0.31 1.0 0.01
0.13 1.0 0.09999999999999909
0.13 1.0 0.11000000000000076
0.13 1.0 0.21000000000000008
0.13 1.0 0.39999999999999913
0.13 1.0 0.4999999999999991
0.13 1.0 0.5999999999999994
0.13 1.0 0.6100000000000001
0.13 1.0 0.01
0.13 1.0 0.6999999999999992
0.13 1.0 0.01
