0.16 1.0 0.01
0.16 1.0 0.010000000000000009
0.16 1.0 0.10000000000000053
0.16 1.0 0.10999999999999988
0.16 1.0 0.10999999999999999
0.16 1.0 0.20999999999999988
0.16 1.0 0.31
0.16 1.0 0.41000000000000003
0.16 1.0 0.5099999999999998
0.16 1.0 0.51
0.16 1.0 0.010000000000000009
0.16 1.0 0.10000000000000053
0.16 1.0 0.01
0.16 1.0 0.10999999999999999
0.16 1.0 0.20999999999999988
0.16 1.0 0.31
0.16 3.0 0.41000000000000003
0.16 1.0 0.5099999999999998
0.18 1.0 1.61
0.16 1.0 0.01
0.16 1.0 0.010000000000000009
0.16 1.0 0.01
0.16 1.0 0.10999999999999988
0.16 1.0 0.10999999999999999
0.16 1.0 0.20999999999999988
0.16 1.0 0.31
0.16 1.0 0.01
0.16 1.0 0.5099999999999998
0.16 1.0 0.51
0.06 1.0 0.01
0.16 3.0 3.8099999999999996
0.16 1.0 0.10000000000000053
0.16 1.0 0.10999999999999988
0.16 1.0 0.10999999999999999
0.16 1.0 0.20999999999999988
0.16 1.0 0.31
0.16 1.0 0.01
0.24 1.0 0.5099999999999998
0.25 1.0 0.51
0.16 1.0 0.01
0.25 1.0 1.81
0.16 1.0 0.10000000000000053
0.19 1.0 0.10999999999999988
0.16 1.0 0.10999999999999999
0.12 3.0 0.01
0.16 1.0 4.21
0.16 1.0 1.81
0.16 1.0 0.5099999999999998
0.16 1.0 0.51
0.28 1.0 0.01
