0.09000000000000001 1.0 20.0
0.09000000000000001 1.0 10.8
0.09000000000000001 1.0 10.899999999999999
0.09000000000000001 1.0 10.900000000000004
0.09000000000000001 1.0 11.000000000000004
0.09000000000000001 1.0 11.1
0.09000000000000001 1.0 11.100000000000003
0.09000000000000001 1.0 11.200000000000001
0.09000000000000001 1.0 11.200000000000003
0.09000000000000001 1.0 11.499999999999998
0.09000000000000001 1.0 10.8
0.09000000000000001 2.0 13.599999999999998
0.09000000000000001 1.0 10.100000000000005
0.09000000000000001 1.0 11.000000000000004
0.09000000000000001 1.0 11.1
0.09000000000000001 4.0 11.100000000000003
0.09000000000000001 1.0 11.200000000000001
0.09000000000000001 1.0 11.200000000000003
0.09000000000000001 1.0 11.499999999999998
0.09000000000000001 1.0 20.0
0.09000000000000001 1.0 8.700000000000001
0.09000000000000001 1.0 10.899999999999999
0.09000000000000001 2.0 10.900000000000004
0.09000000000000001 1.0 11.000000000000004
0.09000000000000001 1.0 11.1
0.09000000000000001 1.0 11.100000000000003
0.15000000000000002 1.0 11.200000000000001
0.09000000000000001 1.0 11.200000000000003
0.09000000000000001 1.0 11.499999999999998
0.09000000000000001 1.0 20.0
0.09000000000000001 1.0 12.4
0.09000000000000001 1.0 10.899999999999999
0.09000000000000001 1.0 10.900000000000004
0.09000000000000001 1.0 11.000000000000004
0.09000000000000001 2.0 11.1
0.09000000000000001 1.0 11.100000000000003
0.27 1.0 11.200000000000001
0.09000000000000001 1.0 11.200000000000003
0.09000000000000001 1.0 11.499999999999998
0.09000000000000001 1.0 20.0
0.09000000000000001 1.0 10.8
0.09000000000000001 1.0 10.899999999999999
0.09000000000000001 1.0 10.900000000000004
0.09000000000000001 1.0 11.000000000000004
0.09000000000000001 1.0 6.500000000000001
0.010000000000000009 1.0 11.100000000000003
0.09000000000000001 1.0 11.200000000000001
0.09000000000000001 1.0 11.200000000000003
0.09000000000000001 1.0 11.499999999999998
0.09000000000000001 1.0 19.0
