0.01 1.0 0.01
0.01 1.0 0.09999999999999973
0.01 1.0 0.10999999999999999
0.01 1.0 0.19999999999999973
0.01 1.0 0.30000000000000027
0.01 1.0 0.31
0.01 1.0 0.39999999999999936
0.01 1.0 0.41000000000000003
0.01 1.0 0.5000000000000001
0.01 1.0 0.6000000000000001
0.01 1.0 1.0999999999999996
0.01 1.0 0.10999999999999999
0.01 1.0 0.19999999999999973
0.01 1.0 0.30000000000000027
0.01 1.0 0.31
0.01 1.0 0.39999999999999936
0.05 1.0 0.41000000000000003
0.01 1.0 0.5000000000000001
0.01 1.0 0.6000000000000001
0.01 1.0 0.01
0.01 1.0 0.09999999999999973
0.01 1.0 0.10999999999999999
0.060000000000000005 1.0 0.01
0.01 1.0 0.30000000000000027
0.01 1.0 0.31
0.01 1.0 0.01
0.01 1.0 0.01
0.01 1.0 0.5000000000000001
0.01 1.0 0.6000000000000001
0.01 1.0 0.11
0.01 1.0 0.01
0.01 1.0 0.10999999999999999
0.01 1.0 0.19999999999999973
0.12 1.0 0.30000000000000027
0.01 1.0 0.31
0.01 1.0 0.39999999999999936
0.01 1.0 0.41000000000000003
0.01 1.0 0.5000000000000001
0.01 1.0 3.9
0.18000000000000002 1.0 0.01
0.01 1.0 0.09999999999999973
0.01 1.0 0.01
0.01 2.0 0.19999999999999973
0.01 1.0 3.3000000000000003
0.01 1.0 0.31
0.01 1.0 0.39999999999999936
0.01 1.0 0.41000000000000003
0.01 1.0 0.5000000000000001
0.01 1.0 0.6000000000000001
0.01 1.0 0.61
