0.33999999999999997 1.0 0.6999999999999984
0.33999999999999997 1.0 3.8999999999999986
0.33999999999999997 1.0 4.499999999999998
0.33999999999999997 1.0 4.999999999999998
0.33999999999999997 1.0 8.399999999999999
0.33999999999999997 1.0 9.099999999999998
0.34 1.0 3.8999999999999986
0.33999999999999997 1.0 0.01
0.33999999999999997 1.0 3.8999999999999986
0.33999999999999997 1.0 4.499999999999998
0.23999999999999996 1.0 4.999999999999998
0.33999999999999997 1.0 8.399999999999999
0.15000000000000002 1.0 9.399999999999999
0.33999999999999997 1.0 6.799999999999999
0.33999999999999997 1.0 1.2999999999999985
