0.01 1.0 0.01
0.01 1.0 0.010000000000000009
0.01 1.0 0.10000000000000009
0.01 1.0 0.20000000000000162
0.01 1.0 0.21000000000000002
0.01 1.0 0.41000000000000003
0.01 1.0 0.51
0.01 1.0 0.6000000000000002
0.01 1.0 0.8000000000000002
0.01 1.0 0.9000000000000016
0.01 1.0 0.01
0.16 1.0 0.010000000000000009
0.01 1.0 0.10000000000000009
0.01 1.0 0.20000000000000162
0.01 1.0 0.21000000000000002
0.01 1.0 0.41000000000000003
0.01 1.0 0.51
0.01 1.0 0.6000000000000002
0.01 1.0 4.7
0.01 3.0 0.01
0.13 1.0 2.71
0.01 1.0 0.010000000000000009
0.01 1.0 0.10000000000000009
0.01 1.0 0.20000000000000162
0.01 1.0 0.21000000000000002
0.01 1.0 1.71
0.01 1.0 0.51
0.01 1.0 0.6000000000000002
0.01 1.0 0.8000000000000002
0.01 1.0 0.9000000000000016
0.01 1.0 0.01
0.01 1.0 0.010000000000000009
0.01 1.0 0.10000000000000009
0.01 1.0 0.20000000000000162
0.01 1.0 0.21000000000000002
0.01 1.0 0.41000000000000003
0.01 1.0 1.71
0.01 1.0 0.6000000000000002
0.01 1.0 0.8000000000000002
0.01 1.0 0.9000000000000016
0.01 1.0 0.01
0.01 1.0 0.010000000000000009
0.01 1.0 0.10000000000000009
0.01 3.0 0.01
0.01 1.0 0.21000000000000002
0.01 1.0 0.41000000000000003
0.01 2.0 0.51
0.01 1.0 0.5000000000000002
0.01 1.0 0.8000000000000002
0.01 1.0 0.9000000000000016
