0.23 1.0 0.01
0.23 1.0 0.09999999999999964
0.23 1.0 0.29999999999999966
0.23 1.0 0.30000000000000004
0.23 1.0 0.30000000000000027
0.23 1.0 0.3999999999999997
0.23 1.0 0.49999999999999967
0.23 1.0 0.4999999999999997
0.23 1.0 0.5999999999999996
0.23 1.0 0.6999999999999997
0.23 1.0 0.01
0.39 1.0 2.71
0.23 1.0 0.29999999999999966
0.12000000000000001 1.0 3.0
0.23 1.0 0.30000000000000027
0.23 1.0 0.3999999999999997
0.23 1.0 0.49999999999999967
0.31 1.0 0.01
0.23 1.0 0.5999999999999996
0.09 1.0 0.01
0.36 5.0 0.01
0.23 1.0 0.09999999999999964
0.23 1.0 0.29999999999999966
0.04000000000000001 1.0 0.30000000000000004
0.23 1.0 0.30000000000000027
0.23 1.0 0.3999999999999997
0.23 2.0 0.49999999999999967
0.23 1.0 0.4999999999999997
0.23 1.0 0.5999999999999996
0.23 1.0 0.6999999999999997
0.23 1.0 1.21
0.23 1.0 0.8999999999999997
0.23 1.0 0.29999999999999966
0.23 1.0 0.30000000000000004
0.23 3.0 0.30000000000000027
0.23 1.0 0.3999999999999997
0.24000000000000002 1.0 0.49999999999999967
0.23 1.0 0.4999999999999997
0.23 1.0 0.5999999999999996
0.30000000000000004 1.0 0.01
0.23 2.0 0.01
0.23 1.0 0.09999999999999964
0.23 1.0 0.29999999999999966
0.23 1.0 0.30000000000000004
0.23 1.0 0.30000000000000027
0.23 1.0 0.3999999999999997
0.23 1.0 0.49999999999999967
0.23 1.0 0.4999999999999997
0.23 1.0 0.5999999999999996
0.23 1.0 0.6999999999999997
