0.47 19.0 0.01
0.44 21.0 0.71
0.52 19.0 0.71
0.54 21.0 0.01
0.52 22.0 0.1
0.42000000000000004 22.0 0.71
0.56 19.0 0.71
0.29 20.0 0.01
0.29 20.0 0.1
0.44 16.0 0.71
0.8299999999999998 18.0 1.91
0.52 21.0 0.71
0.54 19.0 0.01
0.52 21.0 0.1
0.30000000000000004 20.0 0.71
0.56 22.0 0.71
0.29 19.0 0.01
0.29 20.0 0.1
0.44 22.0 0.71
0.61 16.0 0.01
0.44 19.0 0.71
0.52 21.0 0.71
0.54 19.0 0.01
0.52 21.0 0.1
0.6100000000000001 22.0 0.71
0.56 21.0 0.71
0.44999999999999996 16.0 0.01
0.29 20.0 0.1
0.3 20.0 1.71
0.47 16.0 0.01
0.44 19.0 0.71
0.52 21.0 0.71
0.54 19.0 0.01
0.52 21.0 0.1
0.42000000000000004 22.0 0.71
0.39 22.0 0.71
0.29 19.0 0.01
0.29 20.0 0.1
0.44 20.0 0.71
0.47 19.0 3.01
0.44 19.0 0.71
0.52 21.0 0.71
0.54 19.0 0.01
0.52 21.0 0.1
0.42000000000000004 22.0 0.71
0.56 22.0 0.71
0.29 19.0 0.01
0.29 20.0 0.1
0.44 21.0 0.71
0.47 16.0 0.91
