0.6499999999999999 25.0 2.3
0.85 24.0 0.4
0.57 24.0 0.01
0.6499999999999999 25.0 0.4
0.5399999999999998 22.0 0.5
0.5399999999999998 24.0 0.01
0.42999999999999977 24.0 0.01
0.4299999999999998 24.0 0.01
0.84 22.0 0.4
0.5399999999999998 24.0 1.3
0.82 23.0 0.01
0.57 25.0 3.9
0.7499999999999999 25.0 3.71
0.5399999999999998 22.0 0.4
0.5399999999999998 24.0 0.5
0.42999999999999977 22.0 0.01
0.4299999999999998 24.0 2.9099999999999997
0.84 22.0 0.01
0.5399999999999998 24.0 0.4
0.6499999999999999 25.0 1.3
0.85 24.0 2.3
0.57 24.0 0.4
0.6499999999999999 25.0 0.01
0.5399999999999998 22.0 0.4
0.5399999999999998 24.0 0.5
0.42999999999999977 24.0 0.01
0.37999999999999984 24.0 0.01
0.84 22.0 0.01
0.5399999999999998 24.0 0.4
0.5599999999999999 25.0 1.3
0.85 24.0 2.3
0.57 24.0 0.4
0.58 25.0 4.31
0.4199999999999998 22.0 0.4
0.5399999999999998 24.0 0.5
0.42999999999999977 22.0 0.01
0.4299999999999998 24.0 2.01
0.84 22.0 0.01
0.5599999999999998 24.0 2.1
0.5899999999999999 22.0 4.2
0.6499999999999999 23.0 2.3
0.57 24.0 0.4
0.6499999999999999 25.0 2.6100000000000003
0.5399999999999998 19.0 0.4
0.5399999999999998 24.0 0.5
0.42999999999999977 25.0 0.01
0.4299999999999998 21.0 2.01
0.84 22.0 0.01
0.7199999999999998 22.0 0.4
0.6499999999999999 25.0 1.3
