0.8300000000000001 22.0 0.01
0.8300000000000001 23.0 0.1
0.62 22.0 0.1
0.62 22.0 0.10000000000000009
0.86 22.0 0.01
0.65 22.0 0.01
0.8 22.0 0.01
0.5 22.0 0.1
0.62 22.0 1.0
0.8200000000000001 22.0 0.01
0.8 23.0 0.01
0.62 22.0 0.1
0.62 23.0 0.1
0.86 19.0 0.10000000000000009
0.65 22.0 0.01
0.8 22.0 0.01
0.5 22.0 0.01
0.62 22.0 0.01
0.8200000000000001 22.0 1.0
0.8300000000000001 22.0 0.01
0.8300000000000001 23.0 0.01
0.62 22.0 0.1
0.62 22.0 0.1
0.73 19.0 0.10000000000000009
0.65 20.0 2.8099999999999996
0.8 22.0 0.01
0.5 22.0 0.01
0.5 22.0 0.1
0.8300000000000001 22.0 1.0
0.8300000000000001 22.0 0.01
0.8300000000000001 23.0 0.01
0.62 22.0 0.1
0.62 22.0 0.1
0.86 22.0 0.10000000000000009
0.65 22.0 0.01
0.8 22.0 0.01
0.5 22.0 0.01
0.62 22.0 0.1
0.8200000000000001 22.0 1.0
0.8300000000000001 19.0 0.01
0.92 23.0 0.01
0.48 17.0 3.1
0.62 19.0 0.1
0.86 22.0 0.10000000000000009
0.65 22.0 0.01
0.8 22.0 0.01
0.5 22.0 0.01
0.62 22.0 0.1
0.8200000000000001 20.0 1.0
0.8300000000000001 24.0 0.01
