0.54 18.0 0.01
0.7899999999999999 18.0 0.30000000000000027
0.79 18.0 0.30000000000000027
0.6599999999999999 17.0 0.30000000000000027
0.66 17.0 0.30000000000000027
0.48000000000000004 18.0 0.40000000000000024
0.63 18.0 0.30000000000000027
0.77 18.0 0.30000000000000027
0.65 17.0 0.30000000000000027
0.65 18.0 0.01
0.7899999999999999 18.0 0.30000000000000027
0.79 17.0 0.01
0.6599999999999999 18.0 0.30000000000000027
0.66 17.0 0.30000000000000027
0.48000000000000004 17.0 0.40000000000000024
0.63 18.0 2.8000000000000003
0.77 18.0 0.30000000000000027
0.7000000000000001 18.0 0.30000000000000027
0.65 17.0 0.01
0.54 18.0 0.01
0.7899999999999999 18.0 0.30000000000000027
0.79 18.0 0.30000000000000027
0.6599999999999999 18.0 0.30000000000000027
0.66 16.0 2.3000000000000003
0.48000000000000004 16.0 0.40000000000000024
0.63 18.0 0.9000000000000002
0.77 18.0 0.30000000000000027
0.65 18.0 0.30000000000000027
0.65 18.0 0.01
0.54 18.0 0.01
0.7899999999999999 18.0 0.30000000000000027
0.79 18.0 0.30000000000000027
0.6599999999999999 16.0 0.30000000000000027
0.66 17.0 0.30000000000000027
0.48000000000000004 17.0 0.01
0.63 18.0 0.30000000000000027
0.77 18.0 0.30000000000000027
0.65 18.0 0.30000000000000027
0.65 17.0 0.01
0.54 18.0 0.01
0.7899999999999999 18.0 0.30000000000000027
0.79 18.0 0.30000000000000027
0.6599999999999999 15.0 0.01
0.66 17.0 0.01
0.48000000000000004 15.0 0.40000000000000024
0.63 18.0 0.30000000000000027
0.77 17.0 0.30000000000000027
0.65 18.0 0.30000000000000027
0.65 17.0 0.01
0.54 18.0 0.01
