0.6000000000000001 25.0 0.01
0.6000000000000001 25.0 0.21000000000000002
0.6200000000000001 23.0 0.01
0.72 17.0 0.5
0.33 24.0 0.3
0.53 21.0 0.01
0.53 19.0 0.5
0.5700000000000001 25.0 0.01
0.6300000000000001 18.0 0.01
0.39999999999999997 24.0 0.01
0.6000000000000001 25.0 0.21000000000000002
0.6000000000000001 23.0 0.01
0.6200000000000001 17.0 0.5
0.72 24.0 0.01
0.33 20.0 0.01
0.53 19.0 0.5
0.53 25.0 0.01
0.5700000000000001 18.0 0.01
0.6300000000000001 21.0 0.01
0.39999999999999997 25.0 0.01
0.6000000000000001 25.0 0.21000000000000002
0.6000000000000001 23.0 0.01
0.6900000000000002 11.0 0.5
0.72 25.0 0.3
0.17 21.0 0.01
0.53 19.0 0.5
0.53 25.0 0.01
0.5700000000000001 18.0 0.01
0.6300000000000001 24.0 0.01
0.39999999999999997 25.0 0.01
0.6000000000000001 25.0 0.21000000000000002
0.6000000000000001 23.0 0.01
0.9600000000000001 17.0 0.5
0.72 24.0 0.3
0.33 21.0 0.01
0.53 19.0 0.01
0.53 25.0 0.01
0.42000000000000004 18.0 0.01
0.6300000000000001 24.0 0.01
0.39999999999999997 25.0 0.01
0.6000000000000001 25.0 0.21000000000000002
0.6000000000000001 23.0 0.01
0.6200000000000001 17.0 0.5
0.72 24.0 0.3
0.33 21.0 0.01
0.53 19.0 0.01
0.53 25.0 0.01
0.5700000000000001 18.0 0.01
0.5000000000000001 25.0 0.01
0.6599999999999999 25.0 0.01
